Time      T 1Kpot       T Still      P Still       P cond        1K pot Level        Dewar Level         T MC        T Bath        T lambda         T Magnet
3815574320.288378	10.571063	8.005709	-6.783547	1020.967280	48816.730038	150.600000	NaN	4.178377	NaN	NaN
3815574352.346852	10.857881	8.636274	-6.783547	1020.967280	48816.730038	150.400000	NaN	4.177002	NaN	NaN
3815574384.298472	10.869690	9.303051	-6.783547	1020.967280	48816.730038	150.400000	NaN	4.174371	NaN	NaN
3815574416.233109	10.975894	10.011286	-6.783547	1020.967280	48816.730038	150.400000	NaN	4.176471	NaN	NaN
3815574448.196686	10.833922	9.008239	-6.783547	1020.967280	48816.730038	150.400000	NaN	4.173872	NaN	NaN
3815574480.130333	10.612085	9.973102	-6.783547	1020.967280	48816.730038	150.400000	NaN	4.176846	NaN	NaN
3815574512.084229	10.437212	8.946714	-6.783547	1020.967280	48816.730038	150.400000	NaN	4.173573	NaN	NaN
3815574544.019695	10.565313	8.980776	-6.783547	1020.967280	48816.730038	150.400000	NaN	4.173049	NaN	NaN
3815574575.971464	10.562463	9.004081	-6.783547	1020.967280	48816.730038	150.400000	NaN	4.173342	NaN	NaN
3815574607.915759	10.062217	9.509704	-6.783547	1020.967280	48816.730038	150.400000	NaN	4.176078	NaN	NaN
3815574639.879325	10.863486	9.957000	-6.783547	1020.967280	48816.730038	150.400000	NaN	4.176486	NaN	NaN
3815574671.821954	10.749920	10.100047	-6.783547	1020.967280	48816.730038	150.400000	NaN	4.176097	NaN	NaN
3815574703.757600	10.428061	10.076532	-6.783547	1020.967280	48816.730038	150.400000	NaN	4.172225	NaN	NaN
3815574735.692505	10.268972	8.752074	-6.783547	1020.967280	48816.730038	150.500000	NaN	4.172722	NaN	NaN
3815574767.625345	10.441395	10.058299	-6.783547	1020.967280	48816.730038	150.500000	NaN	4.173032	NaN	NaN
3815574799.559463	10.484205	9.561609	-6.783547	1020.967280	48816.730038	150.500000	NaN	4.177112	NaN	NaN
3815574831.493115	10.958158	10.088718	-6.783547	1020.967280	48816.730038	150.500000	NaN	4.174705	NaN	NaN
3815574863.429760	10.433022	9.943147	-6.783547	1020.967280	48816.730038	150.500000	NaN	4.174824	NaN	NaN
3815574895.372686	10.640595	7.401426	-6.783547	1020.967280	48816.730038	150.500000	NaN	4.176032	NaN	NaN
3815574927.308225	10.619693	7.337326	-6.783547	1020.967280	48816.730038	150.500000	NaN	4.174081	NaN	NaN
3815574959.260835	10.641197	10.113706	-6.783547	1020.967280	48816.730038	150.500000	NaN	4.172286	NaN	NaN
3815574991.192485	10.880805	9.938035	-6.783547	1020.967280	48816.730038	150.400000	NaN	4.173970	NaN	NaN
3815575023.128640	10.591376	7.735482	-6.783547	1020.967280	48816.730038	150.400000	NaN	4.173417	NaN	NaN
3815575055.063290	10.101818	8.345152	-6.783547	1020.967280	48816.730038	150.400000	NaN	4.171038	NaN	NaN
3815575087.035848	10.164374	7.355491	-6.783547	1020.967280	48816.730038	150.200000	NaN	4.173159	NaN	NaN
3815575118.980460	10.284710	9.568076	-6.783547	1020.967280	48816.730038	150.200000	NaN	4.171615	NaN	NaN
3815575150.933671	10.623083	9.957525	-6.783547	1020.967280	48816.730038	150.300000	NaN	4.172750	NaN	NaN
3815575182.886271	10.894844	10.002339	-6.783547	1020.967280	48816.730038	150.600000	NaN	4.172315	NaN	NaN
3815575214.820920	10.120455	7.492474	-6.783547	1020.967280	48816.730038	150.600000	NaN	4.172000	NaN	NaN
3815575246.757564	10.658874	8.995242	-6.783547	1020.967280	48816.730038	150.600000	NaN	4.169413	NaN	NaN
3815575278.707175	10.731139	9.298980	-6.783547	1020.967280	48816.730038	150.400000	NaN	4.168527	NaN	NaN
3815575310.643819	10.642130	11.237576	-6.783547	1020.967280	48816.730038	150.300000	NaN	4.170609	NaN	NaN
3815575342.597416	10.069914	10.048238	-6.783547	1020.967280	48816.730038	150.500000	NaN	4.171690	NaN	NaN
3815575374.531068	10.250226	11.215968	-6.783547	1020.967280	48816.730038	150.500000	NaN	4.170014	NaN	NaN
3815575406.466714	9.810340	11.286262	-6.783547	1020.967280	48816.730038	150.500000	NaN	4.170375	NaN	NaN
3815575438.417321	10.875953	10.079641	-6.783547	1020.967280	48816.730038	150.400000	NaN	4.169734	NaN	NaN
3815575470.352967	10.640450	10.126557	-6.783547	1020.967280	48816.730038	150.400000	NaN	4.170535	NaN	NaN
3815575502.306568	10.067728	9.957272	-6.783547	1020.967280	48816.730038	150.400000	NaN	4.170826	NaN	NaN
3815575534.241215	10.532319	11.882580	-6.783547	1020.967280	48816.730038	150.500000	NaN	4.171278	NaN	NaN
3815575566.195814	10.620705	11.426910	-6.783547	1020.967280	48816.730038	150.500000	NaN	4.170883	NaN	NaN
3815575598.137446	10.548707	8.727618	-6.783547	1020.967280	48816.730038	150.500000	NaN	4.170569	NaN	NaN
3815575630.070106	10.628498	10.391622	-6.783547	1020.967280	48816.730038	150.300000	NaN	4.168803	NaN	NaN
3815575682.006293	10.421667	8.351745	-6.783547	1020.967280	48816.730038	150.300000	NaN	4.175300	NaN	NaN
3815575773.939583	10.702486	7.347837	-6.783547	1020.967280	48816.730038	150.500000	NaN	4.175838	NaN	NaN
3815575865.872874	10.665446	9.950264	-6.783547	1020.967280	48816.730038	150.500000	NaN	4.175723	NaN	NaN
3815575957.805170	9.963683	10.192939	-6.783547	1020.967280	48816.730038	150.300000	NaN	4.172154	NaN	NaN
3815576049.739460	9.924315	9.604659	-6.783547	1020.967280	48816.730038	150.500000	NaN	4.174844	NaN	NaN
3815576141.674041	10.076989	10.167930	-6.783547	1020.967280	48816.730038	150.600000	NaN	4.173697	NaN	NaN
3815576233.624508	10.958028	8.983819	-6.783547	1020.967280	48816.730038	150.500000	NaN	4.170756	NaN	NaN
3815576325.558289	10.266303	10.264243	-6.783547	1020.967280	48816.730038	150.500000	NaN	4.172473	NaN	NaN
3815576417.510102	10.283225	7.755430	-6.783547	1020.967280	48816.730038	150.500000	NaN	4.174278	NaN	NaN
3815576509.445387	10.583060	11.228987	-6.783547	1020.967280	48816.730038	150.400000	NaN	4.171756	NaN	NaN
3815576601.379471	10.645900	7.725257	-6.783547	1020.967280	48816.730038	150.700000	NaN	4.172078	NaN	NaN
3815576693.330715	10.436885	10.226245	-6.783547	1020.967280	48816.730038	150.500000	NaN	4.171847	NaN	NaN
3815576785.263010	10.936935	10.035852	-6.783547	1020.967280	48816.730038	150.200000	NaN	4.171733	NaN	NaN
3815576877.197301	10.547520	11.546049	-6.783547	1020.967280	48816.730038	150.500000	NaN	4.170378	NaN	NaN
3815576969.130593	10.889048	9.010631	-6.783547	1020.967280	48816.730038	150.500000	NaN	4.168546	NaN	NaN
3815577061.064883	10.598755	8.824351	-6.783547	1020.967280	48816.730038	150.400000	NaN	4.172179	NaN	NaN
3815577153.006155	9.984072	8.975050	-6.783547	1020.967280	48816.730038	150.500000	NaN	4.168705	NaN	NaN
3815577244.940445	10.681391	10.870081	-6.783547	1020.967280	48816.730038	150.600000	NaN	4.167321	NaN	NaN
3815577336.873738	9.925139	8.330386	-6.783547	1020.967280	48816.730038	150.600000	NaN	4.172421	NaN	NaN
3815577428.809530	10.443580	9.277799	-6.783547	1020.967280	48816.730038	150.200000	NaN	4.170757	NaN	NaN
3815577520.759779	10.449667	11.344123	-6.783547	1020.967280	48816.730038	150.600000	NaN	4.167921	NaN	NaN
3815577612.705330	10.557827	8.341639	-6.783547	1020.967280	48816.730038	150.400000	NaN	4.167743	NaN	NaN
3815577704.741345	10.017052	7.627241	-6.783547	1020.967280	48816.730038	150.500000	NaN	4.168577	NaN	NaN
3815577796.704559	9.960708	8.929895	-6.783547	1020.967280	48816.730038	150.600000	NaN	4.163829	NaN	NaN
3815577888.666774	10.572310	8.971812	-6.783547	1020.967280	48816.730038	150.400000	NaN	4.164858	NaN	NaN
3815577980.602063	10.254970	10.098727	-6.783547	1020.967280	48816.730038	150.300000	NaN	4.166822	NaN	NaN
3815578072.552428	10.449324	9.583141	-6.783547	1020.967280	48816.730038	150.400000	NaN	4.164862	NaN	NaN
3815578164.486718	10.880515	9.736969	-6.783547	1020.967280	48816.730038	150.700000	NaN	4.169950	NaN	NaN
3815578256.436965	10.131829	8.862735	-6.783547	1020.967280	48816.730038	150.500000	NaN	4.169164	NaN	NaN
3815578348.372252	10.573495	8.895993	-6.783547	1020.967280	48816.730038	150.200000	NaN	4.165395	NaN	NaN
3815578440.305728	10.940401	8.989342	-6.783547	1020.967280	48816.730038	150.400000	NaN	4.166210	NaN	NaN
3815578532.240018	10.039723	11.256676	-6.783547	1020.967280	48816.730038	150.400000	NaN	4.167530	NaN	NaN
3815578624.173073	10.558836	7.937841	-6.783547	1020.967280	48816.730038	150.500000	NaN	4.168502	NaN	NaN
3815578716.106367	10.559717	9.849028	-6.783547	1020.967280	48816.730038	150.500000	NaN	4.165791	NaN	NaN
3815578808.058609	10.364785	9.280755	-6.783547	1020.967280	48816.730038	150.400000	NaN	4.170585	NaN	NaN
3815578899.991333	10.729527	9.964329	-6.783547	1020.967280	48816.730038	150.400000	NaN	4.168966	NaN	NaN
3815578991.925914	10.450449	10.063278	-6.783547	1020.967280	48816.730038	150.700000	NaN	4.169219	NaN	NaN
3815579090.569207	10.256875	8.944091	-6.783547	1020.967280	48816.730038	150.500000	NaN	4.170624	NaN	NaN
3815579182.532425	10.514311	9.004819	-6.783547	1020.967280	48816.730038	150.400000	NaN	4.167644	NaN	NaN
3815579274.475686	10.875159	10.136124	-6.783547	1020.967280	48816.730038	150.500000	NaN	4.169243	NaN	NaN
3815579366.427607	10.555062	7.603159	-6.783547	1020.967280	48816.730038	150.500000	NaN	4.172054	NaN	NaN
3815579458.361897	10.083004	10.170159	-6.783547	1020.967280	48816.730038	150.300000	NaN	4.170394	NaN	NaN
3815579550.294192	10.419729	9.521218	-6.783547	1020.967280	48816.730038	150.500000	NaN	4.171071	NaN	NaN
3815579642.236462	10.550707	7.554421	-6.783547	1020.967280	48816.730038	150.700000	NaN	4.173351	NaN	NaN
3815579734.171645	10.543717	9.045445	-6.783547	1020.967280	48816.730038	150.200000	NaN	4.169323	NaN	NaN
3815579826.131994	10.622675	8.319802	-6.783547	1020.967280	48816.730038	150.700000	NaN	4.171021	NaN	NaN
3815579918.066285	10.554407	10.017822	-6.783547	1020.967280	48816.730038	150.600000	NaN	4.169390	NaN	NaN
3815580009.999576	10.433887	7.485593	-6.783547	1020.967280	48816.730038	150.300000	NaN	4.170108	NaN	NaN
3815580101.952816	10.626062	7.607862	-6.783547	1020.967280	48816.730038	150.500000	NaN	4.171455	NaN	NaN
3815580193.885277	10.856533	7.595338	-6.783547	1020.967280	48816.730038	150.600000	NaN	4.169514	NaN	NaN
3815580285.820563	10.441007	8.971621	-6.783547	1020.967280	48816.730038	150.600000	NaN	4.167137	NaN	NaN
3815580377.773804	10.612090	9.049047	-6.783547	1020.967280	48816.730038	150.600000	NaN	4.167836	NaN	NaN
3815580469.732029	10.708544	7.781442	-6.783547	1020.967280	48816.730038	150.400000	NaN	4.172641	NaN	NaN
3815580561.666320	10.898817	7.724997	-6.783547	1020.967280	48816.730038	150.700000	NaN	4.173176	NaN	NaN
3815580653.631723	10.426598	7.382835	-6.783547	1020.967280	48816.730038	150.500000	NaN	4.167936	NaN	NaN
3815580745.580974	10.326843	10.048584	-6.783547	1020.967280	48816.730038	150.600000	NaN	4.168778	NaN	NaN
3815580837.562150	10.428478	7.200397	-6.783547	1020.967280	48816.730038	150.800000	NaN	4.170404	NaN	NaN
3815580929.513035	10.632297	11.699106	-6.783547	1020.967280	48816.730038	150.500000	NaN	4.171119	NaN	NaN
3815581021.450317	10.668895	7.612618	-6.783547	1020.967280	48816.730038	150.500000	NaN	4.171373	NaN	NaN
3815581113.382884	10.657424	7.780637	-6.783547	1020.967280	48816.730038	150.500000	NaN	4.172149	NaN	NaN
3815581205.326150	10.368201	8.889226	-6.783547	1020.967280	48816.730038	150.700000	NaN	4.166387	NaN	NaN
3815581297.259441	10.586227	9.494456	-6.783547	1020.967280	48816.730038	150.500000	NaN	4.171403	NaN	NaN
3815581389.200989	10.445157	9.612914	-6.783547	1020.967280	48816.730038	150.500000	NaN	4.170414	NaN	NaN
3815581481.136211	10.429458	9.176669	-6.783547	1020.967280	48816.730038	150.600000	NaN	4.172697	NaN	NaN
3815581573.069504	10.099665	10.031239	-6.783547	1020.967280	48816.730038	150.500000	NaN	4.171826	NaN	NaN
3815581665.001799	10.732835	8.953024	-6.783547	1020.967280	48816.730038	150.400000	NaN	4.169358	NaN	NaN
3815581756.936089	10.116780	10.006233	-6.783547	1020.967280	48816.730038	150.500000	NaN	4.170509	NaN	NaN
3815581848.870384	10.047559	7.845404	-6.783547	1020.967280	48816.730038	150.500000	NaN	4.172295	NaN	NaN
3815581940.821310	10.208338	7.770698	-6.783547	1020.967280	48816.730038	150.600000	NaN	4.169719	NaN	NaN
3815582032.755595	10.071428	8.787015	-6.783547	1020.967280	48816.730038	150.700000	NaN	4.168472	NaN	NaN
3815582124.687890	10.589215	9.967877	-6.783547	1020.967280	48816.730038	150.500000	NaN	4.170843	NaN	NaN
3815582216.621183	10.425860	8.860298	-6.783547	1020.967280	48816.730038	150.500000	NaN	4.170835	NaN	NaN
3815582308.556470	10.418826	11.707867	-6.783547	1020.967280	48816.730038	150.600000	NaN	4.170266	NaN	NaN
3815582400.509711	10.512596	10.048371	-6.783547	1020.967280	48816.730038	150.500000	NaN	4.171867	NaN	NaN
3815582492.459956	10.718244	10.102646	-6.783547	1020.967280	48816.730038	150.500000	NaN	4.169152	NaN	NaN
3815582584.394248	10.404509	9.813553	-6.783547	1020.967280	48816.730038	150.500000	NaN	4.170950	NaN	NaN
3815582676.327539	10.570929	9.967929	-6.783547	1020.967280	48816.730038	150.500000	NaN	4.171464	NaN	NaN
3815582768.261830	10.841417	11.194346	-6.783547	1020.967280	48816.730038	150.600000	NaN	4.168822	NaN	NaN
3815582860.193128	10.598059	9.552166	-6.783547	1020.967280	48816.730038	150.600000	NaN	4.171958	NaN	NaN
3815582952.129412	10.652340	8.830155	-6.783547	1020.967280	48816.730038	150.600000	NaN	4.169076	NaN	NaN
3815583044.080658	10.521159	10.087735	-6.783547	1020.967280	48816.730038	150.500000	NaN	4.171051	NaN	NaN
3815583136.019934	10.071152	9.493290	-6.783547	1020.967280	48816.730038	150.700000	NaN	4.168192	NaN	NaN
3815583227.967189	10.429669	11.655141	-6.783547	1020.967280	48816.730038	150.600000	NaN	4.172084	NaN	NaN
3815583319.919431	10.556142	7.644746	-6.783547	1020.967280	48816.730038	150.300000	NaN	4.173715	NaN	NaN
3815583411.852728	10.944670	10.592905	-6.783547	1020.967280	48816.730038	150.400000	NaN	4.171767	NaN	NaN
3815583503.784023	10.034260	8.168461	-6.783547	1020.967280	48816.730038	150.600000	NaN	4.172955	NaN	NaN
3815583595.718312	10.442216	10.096560	-6.783547	1020.967280	48816.730038	150.600000	NaN	4.171535	NaN	NaN
3815583687.652602	10.085872	8.227801	-6.783547	1020.967280	48816.730038	150.500000	NaN	4.173606	NaN	NaN
3815583779.586892	10.690145	8.699270	-6.783547	1020.967280	48816.730038	150.800000	NaN	4.172281	NaN	NaN
3815583871.520185	9.944025	10.203462	-6.783547	1020.967280	48816.730038	150.600000	NaN	4.171962	NaN	NaN
3815583963.453510	10.221584	9.763166	-6.783547	1020.967280	48816.730038	150.700000	NaN	4.173863	NaN	NaN
3815584055.385773	10.647456	10.061280	-6.783547	1020.967280	48816.730038	150.500000	NaN	4.170612	NaN	NaN
3815584147.320072	10.447142	7.556953	-6.783547	1020.967280	48816.730038	150.600000	NaN	4.171140	NaN	NaN
3815584239.252363	10.453212	9.949698	-6.783547	1020.967280	48816.730038	150.500000	NaN	4.173210	NaN	NaN
3815584331.235517	10.957833	11.451475	-6.783547	1020.967280	48816.730038	150.700000	NaN	4.170535	NaN	NaN
3815584423.197735	10.957313	10.127043	-6.783547	1020.967280	48816.730038	150.600000	NaN	4.169034	NaN	NaN
3815584515.131032	10.559476	7.418707	-6.783547	1020.967280	48816.730038	150.600000	NaN	4.172007	NaN	NaN
3815584607.093241	10.103344	9.980065	-6.783547	1020.967280	48816.730038	150.800000	NaN	4.171997	NaN	NaN
3815584699.027532	10.676993	10.122149	-6.783547	1020.967280	48816.730038	150.800000	NaN	4.171121	NaN	NaN
3815584790.982765	10.035800	10.179091	-6.783547	1020.967280	48816.730038	150.600000	NaN	4.173449	NaN	NaN
3815584882.931018	10.436005	7.370741	-6.783547	1020.967280	48816.730038	150.500000	NaN	4.173712	NaN	NaN
3815584974.865308	9.989574	10.174217	-6.783547	1020.967280	48816.730038	150.600000	NaN	4.171876	NaN	NaN
3815585066.799612	10.065886	11.369700	-6.783547	1020.967280	48816.730038	150.600000	NaN	4.172316	NaN	NaN
3815585158.750856	10.966595	9.200707	-6.783547	1020.967280	48816.730038	150.400000	NaN	4.172080	NaN	NaN
3815585250.682141	10.614553	9.100859	-6.783547	1020.967280	48816.730038	150.700000	NaN	4.167825	NaN	NaN
3815585342.635381	10.410781	11.240935	-6.783547	1020.967280	48816.730038	150.500000	NaN	4.171127	NaN	NaN
3815585434.571665	10.698225	9.455171	-6.783547	1020.967280	48816.730038	150.400000	NaN	4.172105	NaN	NaN
3815585526.522916	10.965390	8.313743	-6.783547	1020.967280	48816.730038	150.800000	NaN	4.173732	NaN	NaN
3815585618.456203	10.422937	10.143339	-6.783547	1020.967280	48816.730038	150.500000	NaN	4.172953	NaN	NaN
3815585710.388498	10.560670	8.942037	-6.783547	1020.967280	48816.730038	150.600000	NaN	4.172190	NaN	NaN
3815585802.323786	10.415018	11.425298	-6.783547	1020.967280	48816.730038	150.400000	NaN	4.172201	NaN	NaN
3815585894.257078	10.562637	9.650279	-6.783547	1020.967280	48816.730038	150.700000	NaN	4.173248	NaN	NaN
3815585986.189374	10.247770	9.673234	-6.783547	1020.967280	48816.730038	150.500000	NaN	4.173084	NaN	NaN
3815586078.122666	10.382771	10.039685	-6.783547	1020.967280	48816.730038	150.400000	NaN	4.171981	NaN	NaN
3815586170.074908	10.436141	7.725235	-6.783547	1020.967280	48816.730038	150.600000	NaN	4.171732	NaN	NaN
3815586262.009198	10.262021	10.107223	-6.783547	1020.967280	48816.730038	150.600000	NaN	4.171463	NaN	NaN
3815586353.942492	10.958690	7.467200	-6.783547	1020.967280	48816.730038	150.600000	NaN	4.174583	NaN	NaN
3815586445.876781	10.912429	9.305299	-6.783547	1020.967280	48816.730038	150.600000	NaN	4.169082	NaN	NaN
3815586537.828028	10.808510	9.520296	-6.783547	1020.967280	48816.730038	150.600000	NaN	4.172254	NaN	NaN
3815586629.781265	10.978205	9.484242	-6.783547	1020.967280	48816.730038	150.600000	NaN	4.172547	NaN	NaN
3815586721.714558	10.047740	11.270435	-6.783547	1020.967280	48816.730038	150.600000	NaN	4.172232	NaN	NaN
3815586813.656826	10.430398	10.326626	-6.783547	1020.967280	48816.730038	150.700000	NaN	4.171975	NaN	NaN
3815586905.590119	10.268864	10.150682	-6.783547	1020.967280	48816.730038	150.800000	NaN	4.172157	NaN	NaN
3815586997.523417	10.939331	9.796384	-6.783547	1020.967280	48816.730038	150.600000	NaN	4.170978	NaN	NaN
3815587089.458700	10.622546	8.938655	-6.783547	1020.967280	48816.730038	150.900000	NaN	4.167299	NaN	NaN
3815587181.410941	10.652719	7.727635	-6.783547	1020.967280	48816.730038	150.700000	NaN	4.171879	NaN	NaN
3815587273.343236	10.886042	8.729394	-6.783547	1020.967280	48816.730038	150.900000	NaN	4.170111	NaN	NaN
3815587365.276532	10.916918	10.018597	-6.783547	1020.967280	48816.730038	150.300000	NaN	4.169854	NaN	NaN
3815587457.230766	10.534687	7.769671	-6.783547	1020.967280	48816.730038	150.700000	NaN	4.172384	NaN	NaN
3815587549.181014	10.141889	10.084541	-6.783547	1020.967280	48816.730038	150.500000	NaN	4.168573	NaN	NaN
3815587641.115317	10.693978	7.581007	-6.783547	1020.967280	48816.730038	150.700000	NaN	4.173188	NaN	NaN
3815587733.049594	10.418871	10.440841	-6.783547	1020.967280	48816.730038	150.500000	NaN	4.173056	NaN	NaN
3815587824.982887	10.741859	9.203364	-6.783547	1020.967280	48816.730038	150.700000	NaN	4.170028	NaN	NaN
3815587916.916180	10.851030	9.272084	-6.783547	1020.967280	48816.730038	150.800000	NaN	4.168459	NaN	NaN
3815588008.849473	10.561884	10.056279	-6.783547	1020.967280	48816.730038	150.800000	NaN	4.171942	NaN	NaN
3815588100.783762	10.004460	10.611641	-6.783547	1020.967280	48816.730038	150.700000	NaN	4.170618	NaN	NaN
3815588192.734009	10.244683	9.015821	-6.783547	1020.967280	48816.730038	150.400000	NaN	4.171848	NaN	NaN
3815588284.669297	10.394516	10.118497	-6.783547	1020.967280	48816.730038	150.800000	NaN	4.171666	NaN	NaN
3815588376.602589	10.416061	10.100722	-6.783547	1020.967280	48816.730038	150.700000	NaN	4.172178	NaN	NaN
3815588468.545856	10.670806	8.921681	-6.783547	1020.967280	48816.730038	150.700000	NaN	4.170752	NaN	NaN
3815588560.477153	10.418224	11.553406	-6.783547	1020.967280	48816.730038	150.600000	NaN	4.171326	NaN	NaN
3815588652.411444	9.966157	8.727094	-6.783547	1020.967280	48816.730038	150.500000	NaN	4.171519	NaN	NaN
3815588744.366678	10.932271	11.277900	-6.783547	1020.967280	48816.730038	150.700000	NaN	4.170627	NaN	NaN
3815588836.317924	10.412155	10.128335	-6.783547	1020.967280	48816.730038	150.700000	NaN	4.170450	NaN	NaN
3815588928.250225	10.640175	10.397947	-6.783547	1020.967280	48816.730038	150.500000	NaN	4.172320	NaN	NaN
3815589020.185504	10.734253	7.671516	-6.783547	1020.967280	48816.730038	150.500000	NaN	4.173776	NaN	NaN
3815589112.118798	10.733502	9.005521	-6.783547	1020.967280	48816.730038	150.600000	NaN	4.170802	NaN	NaN
3815589204.052091	10.804550	11.578471	-6.783547	1020.967280	48816.730038	150.500000	NaN	4.172819	NaN	NaN
3815589296.003335	10.687134	11.469268	-6.783547	1020.967280	48816.730038	150.500000	NaN	4.172948	NaN	NaN
3815589387.985498	10.141027	9.038425	-6.783547	1020.967280	48816.730038	150.700000	NaN	4.173677	NaN	NaN
3815589479.919793	10.584741	9.633806	-6.783547	1020.967280	48816.730038	150.600000	NaN	4.175267	NaN	NaN
3815589571.880015	10.497497	8.801539	-6.783547	1020.967280	48816.730038	150.400000	NaN	4.173560	NaN	NaN
3815589663.844218	10.636574	8.940581	-6.783547	1020.967280	48816.730038	150.500000	NaN	4.170718	NaN	NaN
3815589755.795475	10.421115	11.147523	-6.783547	1020.967280	48816.730038	150.400000	NaN	4.171088	NaN	NaN
3815589847.728756	10.446527	9.293730	-6.783547	1020.967280	48816.730038	150.300000	NaN	4.172864	NaN	NaN
3815589939.664045	10.453272	9.194237	-6.783547	1020.967280	48816.730038	150.600000	NaN	4.170752	NaN	NaN
3815590031.616285	10.141841	10.138067	-6.783547	1020.967280	48816.730038	150.600000	NaN	4.172118	NaN	NaN
3815590123.548581	10.386286	10.719749	-6.783547	1020.967280	48816.730038	150.700000	NaN	4.169886	NaN	NaN
3815590215.482871	10.551643	7.941199	-6.783547	1020.967280	48816.730038	150.600000	NaN	4.172231	NaN	NaN
3815590307.433118	10.441591	11.547982	-6.783547	1020.967280	48816.730038	150.600000	NaN	4.169288	NaN	NaN
3815590399.367408	10.436463	9.300670	-6.783547	1020.967280	48816.730038	150.500000	NaN	4.169575	NaN	NaN
3815590491.305687	10.474044	7.086866	-6.783547	1020.967280	48816.730038	150.400000	NaN	4.171695	NaN	NaN
3815590583.255934	10.686169	8.754534	-6.783547	1020.967280	48816.730038	150.700000	NaN	4.172848	NaN	NaN
3815590675.206182	10.408762	9.743756	-6.783547	1020.967280	48816.730038	150.800000	NaN	4.173253	NaN	NaN
3815590767.139476	10.432590	10.716861	-6.783547	1020.967280	48816.730038	150.600000	NaN	4.168858	NaN	NaN
3815590859.074762	10.644147	10.293004	-6.783547	1020.967280	48816.730038	150.600000	NaN	4.169977	NaN	NaN
3815590951.025009	10.624210	9.688527	-6.783547	1020.967280	48816.730038	150.700000	NaN	4.170244	NaN	NaN
3815591042.959301	10.638118	9.272004	-6.783547	1020.967280	48816.730038	150.700000	NaN	4.170723	NaN	NaN
3815591134.893595	10.452869	8.993757	-6.783547	1020.967280	48816.730038	150.200000	NaN	4.166956	NaN	NaN
3815591226.826882	10.597359	9.296891	-6.783547	1020.967280	48816.730038	150.600000	NaN	4.172030	NaN	NaN
3815591318.759178	9.966926	8.498195	-6.783547	1020.967280	48816.730038	150.600000	NaN	4.168424	NaN	NaN
3815591410.693468	10.640689	7.712753	-6.783547	1020.967280	48816.730038	150.700000	NaN	4.170511	NaN	NaN
3815591502.627765	10.627107	7.753172	-6.783547	1020.967280	48816.730038	150.600000	NaN	4.170267	NaN	NaN
3815591594.578005	10.671805	7.564217	-6.783547	1020.967280	48816.730038	150.400000	NaN	4.170533	NaN	NaN
3815591686.513291	10.976166	9.297590	-6.783547	1020.967280	48816.730038	150.700000	NaN	4.168562	NaN	NaN
3815591778.445588	10.634094	9.570652	-6.783547	1020.967280	48816.730038	150.700000	NaN	4.169879	NaN	NaN
3815591870.379879	10.283967	9.773514	-6.783547	1020.967280	48816.730038	150.500000	NaN	4.170744	NaN	NaN
3815591962.311182	10.643628	11.178604	-6.783547	1020.967280	48816.730038	150.500000	NaN	4.169810	NaN	NaN
3815592054.246463	10.503323	9.380435	-6.783547	1020.967280	48816.730038	150.900000	NaN	4.170851	NaN	NaN
3815592146.197708	10.441929	7.332019	-6.783547	1020.967280	48816.730038	150.400000	NaN	4.171089	NaN	NaN
3815592238.132876	10.465221	8.850513	-6.783547	1020.967280	48816.730038	150.600000	NaN	4.170730	NaN	NaN
3815592330.064180	10.623885	10.227595	-6.783547	1020.967280	48816.730038	150.800000	NaN	4.166596	NaN	NaN
3815592421.998466	10.560619	11.437723	-6.783547	1020.967280	48816.730038	150.700000	NaN	4.169409	NaN	NaN
3815592513.934748	10.008842	9.379043	-6.783547	1020.967280	48816.730038	150.600000	NaN	4.170715	NaN	NaN
3815592605.883001	10.705201	9.745694	-6.783547	1020.967280	48816.730038	150.600000	NaN	4.171374	NaN	NaN
3815592697.818297	10.609685	10.549847	-6.783547	1020.967280	48816.730038	150.300000	NaN	4.169818	NaN	NaN
3815592789.762553	10.416974	11.662754	-6.783547	1020.967280	48816.730038	150.500000	NaN	4.168142	NaN	NaN
3815592881.695859	10.073072	9.932018	-6.783547	1020.967280	48816.730038	150.400000	NaN	4.171205	NaN	NaN
3815592973.648100	10.412065	8.148088	-6.783547	1020.967280	48816.730038	150.500000	NaN	4.169213	NaN	NaN
3815593065.581379	10.615963	7.493511	-6.783547	1020.967280	48816.730038	150.700000	NaN	4.170744	NaN	NaN
3815593157.515683	10.905967	11.260660	-6.783547	1020.967280	48816.730038	150.600000	NaN	4.171324	NaN	NaN
3815593249.468909	10.946797	9.786322	-6.783547	1020.967280	48816.730038	150.600000	NaN	4.172631	NaN	NaN
3815593341.419158	10.650357	10.121578	-6.783547	1020.967280	48816.730038	150.800000	NaN	4.172667	NaN	NaN
3815593433.354444	10.539818	7.094809	-6.783547	1020.967280	48816.730038	150.900000	NaN	4.174436	NaN	NaN
3815593525.306686	10.619687	9.192908	-6.783547	1020.967280	48816.730038	150.500000	NaN	4.169098	NaN	NaN
3815593617.237984	10.667725	10.041539	-6.783547	1020.967280	48816.730038	150.500000	NaN	4.168931	NaN	NaN
3815593709.172274	10.637688	9.986550	-6.783547	1020.967280	48816.730038	150.700000	NaN	4.170680	NaN	NaN
3815593801.108559	10.375572	7.541489	-6.783547	1020.967280	48816.730038	150.700000	NaN	4.171658	NaN	NaN
3815593893.058806	10.546119	11.239994	-6.783547	1020.967280	48816.730038	150.800000	NaN	4.169442	NaN	NaN
3815593984.991101	10.666346	9.837591	-6.783547	1020.967280	48816.730038	150.600000	NaN	4.166713	NaN	NaN
3815594076.925392	10.437549	8.100893	-6.783547	1020.967280	48816.730038	150.400000	NaN	4.171828	NaN	NaN
3815594168.859684	10.555246	9.008440	-6.783547	1020.967280	48816.730038	150.800000	NaN	4.166954	NaN	NaN
3815594260.790979	10.480821	8.696489	-6.783547	1020.967280	48816.730038	150.300000	NaN	4.174092	NaN	NaN
3815594352.725269	10.130493	7.970828	-6.783547	1020.967280	48816.730038	150.500000	NaN	4.172933	NaN	NaN
3815594444.660556	10.278893	7.955888	-6.783547	1020.967280	48816.730038	150.600000	NaN	4.172686	NaN	NaN
3815594536.593859	10.033820	7.457870	-6.783547	1020.967280	48816.730038	150.600000	NaN	4.171981	NaN	NaN
3815594628.549083	10.424223	9.985628	-6.783547	1020.967280	48816.730038	150.500000	NaN	4.170740	NaN	NaN
3815594720.499331	10.943036	8.970007	-6.783547	1020.967280	48816.730038	150.800000	NaN	4.168703	NaN	NaN
3815594812.432624	10.879759	9.998598	-6.783547	1020.967280	48816.730038	150.700000	NaN	4.173667	NaN	NaN
3815594904.384868	10.132848	10.156528	-6.783547	1020.967280	48816.730038	150.700000	NaN	4.168859	NaN	NaN
3815594996.316164	10.934757	10.013071	-6.783547	1020.967280	48816.730038	150.800000	NaN	4.167244	NaN	NaN
3815595088.290347	10.037382	9.995179	-6.783547	1020.967280	48816.730038	151.100000	NaN	4.168289	NaN	NaN
3815595180.231619	10.588958	8.937577	-6.783547	1020.967280	48816.730038	150.600000	NaN	4.172127	NaN	NaN
3815595272.166907	10.948059	11.208864	-6.783547	1020.967280	48816.730038	150.500000	NaN	4.171639	NaN	NaN
3815595364.127128	10.695754	9.955783	-6.783547	1020.967280	48816.730038	150.600000	NaN	4.172310	NaN	NaN
3815595456.061417	10.496401	10.036155	-6.783547	1020.967280	48816.730038	150.500000	NaN	4.171908	NaN	NaN
3815595547.995709	10.737842	8.720407	-6.783547	1020.967280	48816.730038	150.700000	NaN	4.173697	NaN	NaN
3815595639.935981	10.888484	9.543101	-6.783547	1020.967280	48816.730038	150.600000	NaN	4.175475	NaN	NaN
3815595731.871268	10.301881	10.302236	-6.783547	1020.967280	48816.730038	150.700000	NaN	4.172143	NaN	NaN
3815595823.805558	10.684588	8.722463	-6.783547	1020.967280	48816.730038	150.500000	NaN	4.172821	NaN	NaN
3815595915.757800	10.629901	9.105972	-6.783547	1020.967280	48816.730038	150.600000	NaN	4.169343	NaN	NaN
3815596007.692102	10.151656	8.840853	-6.783547	1020.967280	48816.730038	150.400000	NaN	4.172275	NaN	NaN
3815596099.643341	10.941278	7.989881	-6.783547	1020.967280	48816.730038	150.500000	NaN	4.174138	NaN	NaN
3815596191.578622	10.632287	8.971860	-6.783547	1020.967280	48816.730038	150.400000	NaN	4.169034	NaN	NaN
3815596283.529868	10.371390	11.413718	-6.783547	1020.967280	48816.730038	150.800000	NaN	4.171551	NaN	NaN
3815596375.461165	10.592889	10.014940	-6.783547	1020.967280	48816.730038	150.600000	NaN	4.171213	NaN	NaN
3815596467.397450	10.668895	9.948534	-6.783547	1020.967280	48816.730038	150.700000	NaN	4.173670	NaN	NaN
3815596559.330743	10.838596	11.511094	-6.783547	1020.967280	48816.730038	150.800000	NaN	4.171982	NaN	NaN
3815596651.280994	10.433706	9.004262	-6.783547	1020.967280	48816.730038	150.600000	NaN	4.172984	NaN	NaN
3815596743.217275	10.559850	11.538077	-6.783547	1020.967280	48816.730038	150.400000	NaN	4.170769	NaN	NaN
3815596835.149579	10.423399	9.511754	-6.783547	1020.967280	48816.730038	150.700000	NaN	4.172243	NaN	NaN
3815596927.082863	10.632282	8.950669	-6.783547	1020.967280	48816.730038	150.500000	NaN	4.169738	NaN	NaN
3815597019.015159	10.369536	9.868771	-6.783547	1020.967280	48816.730038	150.700000	NaN	4.172687	NaN	NaN
3815597110.949448	9.982019	10.028224	-6.783547	1020.967280	48816.730038	150.600000	NaN	4.173958	NaN	NaN
3815597202.883738	10.901022	8.454723	-6.783547	1020.967280	48816.730038	150.300000	NaN	4.172429	NaN	NaN
3815597294.833998	10.430795	8.861182	-6.783547	1020.967280	48816.730038	150.500000	NaN	4.174197	NaN	NaN
3815597386.768277	10.558585	10.012674	-6.783547	1020.967280	48816.730038	150.900000	NaN	4.173457	NaN	NaN
3815597478.702565	10.431750	9.945889	-6.783547	1020.967280	48816.730038	150.700000	NaN	4.174697	NaN	NaN
3815597570.636855	10.414903	8.308545	-6.783547	1020.967280	48816.730038	150.400000	NaN	4.175043	NaN	NaN
3815597662.569151	10.741696	8.960367	-6.783547	1020.967280	48816.730038	150.700000	NaN	4.172086	NaN	NaN
3815597754.502445	10.474059	11.081981	-6.783547	1020.967280	48816.730038	150.600000	NaN	4.173638	NaN	NaN
3815597846.436734	10.250476	11.364309	-6.783547	1020.967280	48816.730038	150.600000	NaN	4.171644	NaN	NaN
3815597938.368032	10.425122	9.970189	-6.783547	1020.967280	48816.730038	150.400000	NaN	4.173013	NaN	NaN
3815598030.303319	9.956902	9.862491	-6.783547	1020.967280	48816.730038	150.600000	NaN	4.175105	NaN	NaN
3815598122.235621	10.903626	8.952249	-6.783547	1020.967280	48816.730038	150.600000	NaN	4.175260	NaN	NaN
3815598214.189851	10.703061	10.947019	-6.783547	1020.967280	48816.730038	150.600000	NaN	4.174436	NaN	NaN
3815598306.122148	10.644048	11.451898	-6.783547	1020.967280	48816.730038	150.500000	NaN	4.173274	NaN	NaN
3815598398.065413	10.218023	10.190514	-6.783547	1020.967280	48816.730038	150.500000	NaN	4.173354	NaN	NaN
3815598489.999705	10.271878	9.553057	-6.783547	1020.967280	48816.730038	150.600000	NaN	4.172992	NaN	NaN
3815598581.931001	10.418861	9.565506	-6.783547	1020.967280	48816.730038	150.400000	NaN	4.173252	NaN	NaN
3815598673.865291	10.640461	10.042753	-6.783547	1020.967280	48816.730038	150.500000	NaN	4.173850	NaN	NaN
3815598765.798598	10.032342	8.952845	-6.783547	1020.967280	48816.730038	150.600000	NaN	4.169490	NaN	NaN
3815598857.732876	10.699982	9.738375	-6.783547	1020.967280	48816.730038	150.500000	NaN	4.172657	NaN	NaN
3815598949.664173	10.366702	9.114714	-6.783547	1020.967280	48816.730038	150.200000	NaN	4.168020	NaN	NaN
3815599041.598462	10.583605	10.102741	-6.783547	1020.967280	48816.730038	150.600000	NaN	4.170022	NaN	NaN
3815599133.534746	10.603336	10.098847	-6.783547	1020.967280	48816.730038	150.300000	NaN	4.171267	NaN	NaN
3815599225.483999	10.920310	11.418192	-6.783547	1020.967280	48816.730038	150.500000	NaN	4.168864	NaN	NaN
3815599317.418287	10.361282	10.692615	-6.783547	1020.967280	48816.730038	150.400000	NaN	4.173032	NaN	NaN
3815599409.351579	10.002664	8.753816	-6.783547	1020.967280	48816.730038	150.600000	NaN	4.174219	NaN	NaN
3815599501.286874	10.949867	9.602370	-6.783547	1020.967280	48816.730038	150.400000	NaN	4.173725	NaN	NaN
3815599593.226143	10.638984	9.504451	-6.783547	1020.967280	48816.730038	150.600000	NaN	4.175080	NaN	NaN
3815599685.162429	10.632250	9.263936	-6.783547	1020.967280	48816.730038	150.500000	NaN	4.171047	NaN	NaN
3815599777.096725	10.645983	7.792918	-6.783547	1020.967280	48816.730038	150.500000	NaN	4.174287	NaN	NaN
3815599869.046978	10.476113	10.102038	-6.783547	1020.967280	48816.730038	150.600000	NaN	4.172746	NaN	NaN
3815599960.982264	10.238466	9.576380	-6.783547	1020.967280	48816.730038	150.600000	NaN	4.171921	NaN	NaN
3815600052.914548	10.062160	8.004352	-6.783547	1020.967280	48816.730038	150.400000	NaN	4.175261	NaN	NaN
3815600144.848839	10.582864	10.043892	-6.783547	1020.967280	48816.730038	150.600000	NaN	4.172717	NaN	NaN
3815600236.780136	10.967186	8.931347	-6.783547	1020.967280	48816.730038	150.500000	NaN	4.171976	NaN	NaN
3815600328.715424	10.069923	8.978277	-6.783547	1020.967280	48816.730038	150.400000	NaN	4.169551	NaN	NaN
3815600420.649714	10.860784	9.958531	-6.783547	1020.967280	48816.730038	150.500000	NaN	4.172054	NaN	NaN
3815600512.735607	10.901511	10.081954	-6.783547	1020.967280	48816.730038	150.200000	NaN	4.171488	NaN	NaN
3815600604.679862	10.571366	10.284912	-6.783547	1020.967280	48816.730038	150.500000	NaN	4.172180	NaN	NaN
3815600696.642077	10.441576	6.855088	-6.783547	1020.967280	48816.730038	150.100000	NaN	4.173036	NaN	NaN
3815600788.574373	10.523452	11.588948	-6.783547	1020.967280	48816.730038	150.400000	NaN	4.171697	NaN	NaN
3815600880.516642	10.669447	9.799996	-6.783547	1020.967280	48816.730038	150.600000	NaN	4.170640	NaN	NaN
3815600972.470879	10.680135	10.123364	-6.783547	1020.967280	48816.730038	150.500000	NaN	4.172883	NaN	NaN
3815601064.421129	10.622075	9.980605	-6.783547	1020.967280	48816.730038	150.600000	NaN	4.173014	NaN	NaN
3815601156.355415	10.527229	6.984240	-6.783547	1020.967280	48816.730038	150.600000	NaN	4.172689	NaN	NaN
3815601248.290713	9.788556	8.035669	-6.783547	1020.967280	48816.730038	150.600000	NaN	4.173717	NaN	NaN
3815601340.243944	10.492352	9.030987	-6.783547	1020.967280	48816.730038	150.600000	NaN	4.169448	NaN	NaN
3815601432.203166	10.983323	7.523700	-6.783547	1020.967280	48816.730038	150.200000	NaN	4.172398	NaN	NaN
3815601524.137469	10.226888	9.930749	-6.783547	1020.967280	48816.730038	150.400000	NaN	4.168341	NaN	NaN
3815601616.071745	10.960767	9.590678	-6.783547	1020.967280	48816.730038	150.400000	NaN	4.168031	NaN	NaN
3815601708.003046	10.448967	9.072249	-6.783547	1020.967280	48816.730038	150.200000	NaN	4.170347	NaN	NaN
3815601799.957282	10.378026	9.968548	-6.783547	1020.967280	48816.730038	150.600000	NaN	4.171674	NaN	NaN
3815601891.891571	10.440086	10.107113	-6.783547	1020.967280	48816.730038	150.700000	NaN	4.171514	NaN	NaN
3815601983.824863	10.554929	11.396333	-6.783547	1020.967280	48816.730038	150.500000	NaN	4.169017	NaN	NaN
3815602075.756170	10.602326	10.005031	-6.783547	1020.967280	48816.730038	150.400000	NaN	4.173299	NaN	NaN
3815602167.691449	10.012613	9.103855	-6.783547	1020.967280	48816.730038	150.300000	NaN	4.170481	NaN	NaN
3815602259.623744	10.342648	10.045443	-6.783547	1020.967280	48816.730038	150.500000	NaN	4.169992	NaN	NaN
3815602351.556039	10.910253	8.996659	-6.783547	1020.967280	48816.730038	150.400000	NaN	4.170586	NaN	NaN
3815602443.491328	10.410932	6.904348	-6.783547	1020.967280	48816.730038	150.400000	NaN	4.172595	NaN	NaN
3815602535.424620	10.439477	7.313050	-6.783547	1020.967280	48816.730038	150.600000	NaN	4.174109	NaN	NaN
3815602627.358909	10.646449	10.023569	-6.783547	1020.967280	48816.730038	150.400000	NaN	4.171766	NaN	NaN
3815602719.292202	10.576165	8.839649	-6.783547	1020.967280	48816.730038	150.600000	NaN	4.172252	NaN	NaN
3815602811.224498	10.541990	8.171417	-6.783547	1020.967280	48816.730038	150.400000	NaN	4.172940	NaN	NaN
3815602903.158788	10.595623	7.974819	-6.783547	1020.967280	48816.730038	150.600000	NaN	4.173756	NaN	NaN
3815602995.091088	10.653918	9.745653	-6.783547	1020.967280	48816.730038	150.400000	NaN	4.172370	NaN	NaN
3815603087.024377	10.576535	11.443191	-6.783547	1020.967280	48816.730038	150.500000	NaN	4.172055	NaN	NaN
3815603178.959663	10.435939	10.047507	-6.783547	1020.967280	48816.730038	150.400000	NaN	4.170871	NaN	NaN
3815603270.890967	10.072529	10.173898	-6.783547	1020.967280	48816.730038	150.700000	NaN	4.171837	NaN	NaN
3815603362.824254	10.441848	10.874082	-6.783547	1020.967280	48816.730038	150.300000	NaN	4.171761	NaN	NaN
3815603454.759541	10.645666	9.589984	-6.783547	1020.967280	48816.730038	150.600000	NaN	4.172369	NaN	NaN
3815603546.692836	10.124718	10.022992	-6.783547	1020.967280	48816.730038	150.400000	NaN	4.169923	NaN	NaN
3815603638.624133	10.850336	7.655327	-6.783547	1020.967280	48816.730038	150.400000	NaN	4.173904	NaN	NaN
3815603730.560417	10.909838	7.586911	-6.783547	1020.967280	48816.730038	150.400000	NaN	4.172356	NaN	NaN
3815603822.512659	10.078448	10.704228	-6.783547	1020.967280	48816.730038	150.700000	NaN	4.171641	NaN	NaN
3815603914.444954	10.581472	9.951007	-6.783547	1020.967280	48816.730038	150.600000	NaN	4.174187	NaN	NaN
3815604006.378261	10.437127	8.941208	-6.783547	1020.967280	48816.730038	150.600000	NaN	4.171615	NaN	NaN
3815604098.311539	10.721023	9.812074	-6.783547	1020.967280	48816.730038	150.400000	NaN	4.172219	NaN	NaN
3815604190.246829	10.561228	10.118382	-6.783547	1020.967280	48816.730038	150.400000	NaN	4.170937	NaN	NaN
3815604282.198073	10.095250	11.417175	-6.783547	1020.967280	48816.730038	150.600000	NaN	4.168802	NaN	NaN
3815604374.131364	10.896806	8.899050	-6.783547	1020.967280	48816.730038	150.500000	NaN	4.169373	NaN	NaN
3815604466.064668	10.414130	8.291109	-6.783547	1020.967280	48816.730038	150.600000	NaN	4.174409	NaN	NaN
3815604557.997952	10.633571	10.100205	-6.783547	1020.967280	48816.730038	150.600000	NaN	4.172578	NaN	NaN
3815604649.950192	10.940180	9.018308	-6.783547	1020.967280	48816.730038	150.500000	NaN	4.172837	NaN	NaN
3815604741.884482	10.694067	7.789512	-6.783547	1020.967280	48816.730038	150.600000	NaN	4.175036	NaN	NaN
3815604833.818773	10.038230	7.887657	-6.783547	1020.967280	48816.730038	150.600000	NaN	4.174113	NaN	NaN
3815604925.769020	10.364213	10.419619	-6.783547	1020.967280	48816.730038	150.500000	NaN	4.169749	NaN	NaN
3815605017.703309	10.416668	10.045272	-6.783547	1020.967280	48816.730038	150.500000	NaN	4.171687	NaN	NaN
3815605109.638597	10.796633	7.734620	-6.783547	1020.967280	48816.730038	150.600000	NaN	4.173418	NaN	NaN
3815605201.590838	10.463327	8.319532	-6.783547	1020.967280	48816.730038	150.300000	NaN	4.173842	NaN	NaN
3815605293.522151	10.442060	10.410771	-6.783547	1020.967280	48816.730038	150.700000	NaN	4.171173	NaN	NaN
3815605385.457427	10.898812	9.575067	-6.783547	1020.967280	48816.730038	150.300000	NaN	4.172457	NaN	NaN
3815605477.409666	10.961841	7.556489	-6.783547	1020.967280	48816.730038	150.500000	NaN	4.174480	NaN	NaN
3815605569.341961	10.447036	11.313775	-6.783547	1020.967280	48816.730038	150.300000	NaN	4.171608	NaN	NaN
3815605661.276252	10.086149	9.189784	-6.783547	1020.967280	48816.730038	150.500000	NaN	4.171834	NaN	NaN
3815605753.209547	10.678202	7.731682	-6.783547	1020.967280	48816.730038	150.600000	NaN	4.173848	NaN	NaN
3815605845.161786	10.352197	8.344182	-6.783547	1020.967280	48816.730038	150.800000	NaN	4.173313	NaN	NaN
3815605937.315490	10.580613	9.988266	-6.783547	1020.967280	48816.730038	150.500000	NaN	4.171674	NaN	NaN
3815606029.252772	10.918514	10.007068	-6.783547	1020.967280	48816.730038	150.500000	NaN	4.172384	NaN	NaN
3815606121.202022	10.419679	9.786085	-6.783547	1020.967280	48816.730038	150.400000	NaN	4.170541	NaN	NaN
3815606213.135317	10.752427	8.989334	-6.783547	1020.967280	48816.730038	150.700000	NaN	4.169877	NaN	NaN
3815606305.068607	10.250446	8.920014	-6.783547	1020.967280	48816.730038	150.700000	NaN	4.174122	NaN	NaN
3815606397.002898	10.867751	10.021834	-6.783547	1020.967280	48816.730038	150.700000	NaN	4.174787	NaN	NaN
3815606488.936191	10.430966	9.634816	-6.783547	1020.967280	48816.730038	150.500000	NaN	4.176185	NaN	NaN
3815606580.870481	10.926752	7.420569	-6.783547	1020.967280	48816.730038	150.600000	NaN	4.172961	NaN	NaN
3815606672.803773	10.473609	11.824767	-6.783547	1020.967280	48816.730038	150.700000	NaN	4.173094	NaN	NaN
3815606764.736075	10.520313	7.674935	-6.783547	1020.967280	48816.730038	150.300000	NaN	4.172492	NaN	NaN
3815606856.670359	10.471110	8.425061	-6.783547	1020.967280	48816.730038	150.200000	NaN	4.171978	NaN	NaN
3815606948.613624	10.941581	6.944055	-6.783547	1020.967280	48816.730038	150.400000	NaN	4.175769	NaN	NaN
3815607040.546917	10.884308	11.596200	-6.783547	1020.967280	48816.730038	150.200000	NaN	4.173514	NaN	NaN
3815607132.479225	9.947567	8.035239	-6.783547	1020.967280	48816.730038	150.500000	NaN	4.175981	NaN	NaN
3815607224.414508	10.545184	8.987870	-6.783547	1020.967280	48816.730038	150.300000	NaN	4.171620	NaN	NaN
3815607316.365750	10.625353	7.741816	-6.783547	1020.967280	48816.730038	150.400000	NaN	4.174081	NaN	NaN
3815607408.318985	10.490166	10.440428	-6.783547	1020.967280	48816.730038	150.300000	NaN	4.172381	NaN	NaN
3815607500.252278	10.900231	9.021797	-6.783547	1020.967280	48816.730038	150.600000	NaN	4.169848	NaN	NaN
3815607592.184572	10.570832	8.951376	-6.783547	1020.967280	48816.730038	150.300000	NaN	4.172034	NaN	NaN
3815607684.118873	10.114406	10.850565	-6.783547	1020.967280	48816.730038	150.600000	NaN	4.170281	NaN	NaN
3815607776.051159	10.026549	8.394550	-6.783547	1020.967280	48816.730038	150.500000	NaN	4.173037	NaN	NaN
3815607867.983461	10.062541	10.057961	-6.783547	1020.967280	48816.730038	150.400000	NaN	4.169371	NaN	NaN
3815607959.918740	10.382337	10.669468	-6.783547	1020.967280	48816.730038	150.600000	NaN	4.171594	NaN	NaN
3815608051.861009	10.842948	8.995046	-6.783547	1020.967280	48816.730038	150.600000	NaN	4.171709	NaN	NaN
3815608143.795300	10.429679	10.777330	-6.783547	1020.967280	48816.730038	150.700000	NaN	4.170847	NaN	NaN
3815608235.748538	10.119582	7.114511	-6.783547	1020.967280	48816.730038	150.500000	NaN	4.173644	NaN	NaN
3815608327.681831	10.966725	7.304382	-6.783547	1020.967280	48816.730038	150.400000	NaN	4.172735	NaN	NaN
3815608419.613129	10.477242	10.090166	-6.783547	1020.967280	48816.730038	150.600000	NaN	4.170273	NaN	NaN
3815608511.548417	10.500590	11.486398	-6.783547	1020.967280	48816.730038	150.500000	NaN	4.169389	NaN	NaN
3815608603.481709	10.304594	9.691979	-6.783547	1020.967280	48816.730038	150.400000	NaN	4.172852	NaN	NaN
3815608695.414017	10.430629	7.732093	-6.783547	1020.967280	48816.730038	150.800000	NaN	4.172426	NaN	NaN
3815608787.348310	10.573264	7.303837	-6.783547	1020.967280	48816.730038	150.700000	NaN	4.171825	NaN	NaN
3815608879.282586	10.476761	10.136735	-6.783547	1020.967280	48816.730038	150.600000	NaN	4.171448	NaN	NaN
3815608971.234828	10.519386	8.923981	-6.783547	1020.967280	48816.730038	150.600000	NaN	4.171351	NaN	NaN
3815609063.190063	10.715252	7.378032	-6.783547	1020.967280	48816.730038	150.400000	NaN	4.173246	NaN	NaN
3815609155.140308	10.470852	10.110322	-6.783547	1020.967280	48816.730038	150.500000	NaN	4.172313	NaN	NaN
3815609247.073602	10.948887	8.071756	-6.783547	1020.967280	48816.730038	150.600000	NaN	4.174659	NaN	NaN
3815609339.005896	10.262747	11.414924	-6.783547	1020.967280	48816.730038	150.500000	NaN	4.172432	NaN	NaN
3815609430.939197	10.564006	8.987611	-6.783547	1020.967280	48816.730038	150.300000	NaN	4.171429	NaN	NaN
3815609522.872483	10.407199	10.017765	-6.783547	1020.967280	48816.730038	150.600000	NaN	4.173163	NaN	NaN
3815609614.807769	10.423268	10.088040	-6.783547	1020.967280	48816.730038	150.600000	NaN	4.172670	NaN	NaN
3815609706.758027	10.558621	11.392309	-6.783547	1020.967280	48816.730038	150.400000	NaN	4.171298	NaN	NaN
3815609798.692307	10.607410	8.957734	-6.783547	1020.967280	48816.730038	150.400000	NaN	4.172142	NaN	NaN
3815609890.630587	10.424549	7.779093	-6.783547	1020.967280	48816.730038	150.600000	NaN	4.170119	NaN	NaN
3815609982.579836	10.007974	9.573806	-6.783547	1020.967280	48816.730038	150.300000	NaN	4.173374	NaN	NaN
3815610074.511135	10.254813	10.330458	-6.783547	1020.967280	48816.730038	150.500000	NaN	4.172778	NaN	NaN
3815610166.446423	10.693691	10.059188	-6.783547	1020.967280	48816.730038	150.700000	NaN	4.173209	NaN	NaN
3815610258.380713	10.074844	7.220687	-6.783547	1020.967280	48816.730038	150.700000	NaN	4.175796	NaN	NaN
3815610350.340932	10.569821	8.960821	-6.783547	1020.967280	48816.730038	150.500000	NaN	4.172492	NaN	NaN
3815610442.274225	10.485360	11.442026	-6.783547	1020.967280	48816.730038	150.500000	NaN	4.171202	NaN	NaN
3815610534.208515	10.954153	9.055513	-6.783547	1020.967280	48816.730038	150.600000	NaN	4.169617	NaN	NaN
3815610626.163750	10.384663	8.426834	-6.783547	1020.967280	48816.730038	150.700000	NaN	4.171276	NaN	NaN
3815610718.112002	10.617817	8.966883	-6.783547	1020.967280	48816.730038	150.400000	NaN	4.174211	NaN	NaN
3815610810.046292	10.675029	10.030354	-6.783547	1020.967280	48816.730038	150.800000	NaN	4.173746	NaN	NaN
3815610901.980582	10.571453	8.654007	-6.783547	1020.967280	48816.730038	150.600000	NaN	4.172175	NaN	NaN
3815610993.913882	9.993126	8.340827	-6.783547	1020.967280	48816.730038	150.600000	NaN	4.173213	NaN	NaN
3815611085.866117	10.544892	10.026658	-6.783547	1020.967280	48816.730038	150.600000	NaN	4.170715	NaN	NaN
3815611177.800419	10.449239	8.059347	-6.783547	1020.967280	48816.730038	150.500000	NaN	4.172780	NaN	NaN
3815611269.731705	10.616045	8.395898	-6.783547	1020.967280	48816.730038	150.600000	NaN	4.173025	NaN	NaN
3815611361.674986	10.475587	8.493377	-6.783547	1020.967280	48816.730038	150.700000	NaN	4.172435	NaN	NaN
3815611453.619235	10.449783	7.531610	-6.783547	1020.967280	48816.730038	150.500000	NaN	4.169925	NaN	NaN
3815611545.552528	10.518450	10.492073	-6.783547	1020.967280	48816.730038	150.800000	NaN	4.173412	NaN	NaN
3815611637.486817	10.641948	10.333629	-6.783547	1020.967280	48816.730038	150.500000	NaN	4.173241	NaN	NaN
3815611729.418114	10.092774	11.463799	-6.783547	1020.967280	48816.730038	150.300000	NaN	4.174503	NaN	NaN
3815611821.352405	10.511162	7.763703	-6.783547	1020.967280	48816.730038	150.800000	NaN	4.175607	NaN	NaN
3815611913.286695	10.457990	7.647851	-6.783547	1020.967280	48816.730038	150.400000	NaN	4.176151	NaN	NaN
3815612005.217993	10.071652	10.042782	-6.783547	1020.967280	48816.730038	150.500000	NaN	4.172736	NaN	NaN
3815612097.152290	9.969584	8.955452	-6.783547	1020.967280	48816.730038	150.600000	NaN	4.171760	NaN	NaN
3815612189.087578	10.563401	8.671043	-6.783547	1020.967280	48816.730038	150.500000	NaN	4.171743	NaN	NaN
3815612281.039825	10.645625	9.513787	-6.783547	1020.967280	48816.730038	150.500000	NaN	4.174314	NaN	NaN
3815612372.972108	10.352217	8.300092	-6.783547	1020.967280	48816.730038	150.700000	NaN	4.173451	NaN	NaN
3815612464.907395	10.661982	7.321695	-6.783547	1020.967280	48816.730038	150.400000	NaN	4.171096	NaN	NaN
3815612556.859637	10.884571	9.504364	-6.783547	1020.967280	48816.730038	150.600000	NaN	4.170973	NaN	NaN
3815612648.811880	10.926121	7.719607	-6.783547	1020.967280	48816.730038	150.700000	NaN	4.172954	NaN	NaN
3815612740.745173	10.489030	9.816025	-6.783547	1020.967280	48816.730038	150.200000	NaN	4.173251	NaN	NaN
3815612832.678474	10.320460	10.080871	-6.783547	1020.967280	48816.730038	150.500000	NaN	4.170976	NaN	NaN
3815612924.611757	10.084011	7.711779	-6.783547	1020.967280	48816.730038	150.700000	NaN	4.172646	NaN	NaN
3815613016.546047	10.253937	9.267502	-6.783547	1020.967280	48816.730038	150.300000	NaN	4.174782	NaN	NaN
3815613108.478342	10.905386	8.938005	-6.783547	1020.967280	48816.730038	150.200000	NaN	4.169255	NaN	NaN
3815613200.412638	10.393981	8.935481	-6.783547	1020.967280	48816.730038	150.500000	NaN	4.169447	NaN	NaN
3815613292.345926	10.894388	8.987523	-6.783547	1020.967280	48816.730038	150.500000	NaN	4.170135	NaN	NaN
3815613384.279231	10.463074	9.717445	-6.783547	1020.967280	48816.730038	150.500000	NaN	4.170574	NaN	NaN
3815613476.212511	10.516525	11.716698	-6.783547	1020.967280	48816.730038	150.300000	NaN	4.172111	NaN	NaN
3815613568.145804	10.405235	9.289446	-6.783547	1020.967280	48816.730038	150.500000	NaN	4.169433	NaN	NaN
3815613660.077104	10.101578	8.392852	-6.783547	1020.967280	48816.730038	150.400000	NaN	4.171048	NaN	NaN
3815613752.011392	10.284238	10.986224	-6.783547	1020.967280	48816.730038	150.400000	NaN	4.171724	NaN	NaN
3815613843.946679	10.550436	8.974922	-6.783547	1020.967280	48816.730038	150.400000	NaN	4.169141	NaN	NaN
3815613935.877977	10.424961	7.960029	-6.783547	1020.967280	48816.730038	150.300000	NaN	4.174645	NaN	NaN
3815614027.813265	10.551664	11.376869	-6.783547	1020.967280	48816.730038	150.400000	NaN	4.171187	NaN	NaN
3815614119.746556	10.157527	7.129629	-6.783547	1020.967280	48816.730038	150.300000	NaN	4.172870	NaN	NaN
3815614211.679851	10.508110	10.238681	-6.783547	1020.967280	48816.730038	150.500000	NaN	4.170992	NaN	NaN
3815614303.611149	10.473164	9.564019	-6.783547	1020.967280	48816.730038	150.400000	NaN	4.171231	NaN	NaN
3815614395.546449	10.031513	8.956748	-6.783547	1020.967280	48816.730038	150.400000	NaN	4.168537	NaN	NaN
3815614487.480738	10.373054	7.765660	-6.783547	1020.967280	48816.730038	150.500000	NaN	4.172119	NaN	NaN
3815614579.430974	9.935487	9.974684	-6.783547	1020.967280	48816.730038	150.500000	NaN	4.169521	NaN	NaN
3815614671.366261	10.031353	9.574701	-6.783547	1020.967280	48816.730038	150.500000	NaN	4.171994	NaN	NaN
3815614763.327478	10.941029	8.942251	-6.783547	1020.967280	48816.730038	150.500000	NaN	4.167254	NaN	NaN
3815614855.260781	10.492271	9.895549	-6.783547	1020.967280	48816.730038	150.700000	NaN	4.172860	NaN	NaN
3815614947.195062	10.410085	7.994223	-6.783547	1020.967280	48816.730038	150.600000	NaN	4.173921	NaN	NaN
3815615039.147305	10.636953	8.942247	-6.783547	1020.967280	48816.730038	150.500000	NaN	4.172230	NaN	NaN
3815615131.081595	10.427221	9.126796	-6.783547	1020.967280	48816.730038	150.600000	NaN	4.172095	NaN	NaN
3815615223.024859	10.085701	8.961979	-6.783547	1020.967280	48816.730038	150.500000	NaN	4.167255	NaN	NaN
3815615314.956159	10.923859	7.667124	-6.783547	1020.967280	48816.730038	150.400000	NaN	4.175235	NaN	NaN
3815615406.890448	10.395686	8.909645	-6.783547	1020.967280	48816.730038	150.600000	NaN	4.172778	NaN	NaN
3815615498.824737	10.565857	6.980572	-6.783547	1020.967280	48816.730038	150.900000	NaN	4.174839	NaN	NaN
3815615590.756035	10.554192	9.984604	-6.783547	1020.967280	48816.730038	150.600000	NaN	4.173489	NaN	NaN
3815615682.691323	10.636751	7.612696	-6.783547	1020.967280	48816.730038	150.600000	NaN	4.175857	NaN	NaN
3815615774.624617	10.618763	9.541944	-6.783547	1020.967280	48816.730038	150.600000	NaN	4.175539	NaN	NaN
3815615866.556911	10.392306	7.755430	-6.783547	1020.967280	48816.730038	150.400000	NaN	4.176760	NaN	NaN
3815615958.492198	10.950691	10.072176	-6.783547	1020.967280	48816.730038	150.200000	NaN	4.174648	NaN	NaN
3815616050.425492	10.648852	9.026712	-6.783547	1020.967280	48816.730038	150.300000	NaN	4.173501	NaN	NaN
3815616142.357786	10.559978	11.602588	-6.783547	1020.967280	48816.730038	150.500000	NaN	4.173114	NaN	NaN
3815616234.292077	10.242860	10.046838	-6.783547	1020.967280	48816.730038	150.600000	NaN	4.171066	NaN	NaN
3815616326.224376	10.621424	9.892740	-6.783547	1020.967280	48816.730038	150.700000	NaN	4.175014	NaN	NaN
3815616418.158665	10.747235	7.394300	-6.783547	1020.967280	48816.730038	150.700000	NaN	4.175663	NaN	NaN
3815616510.089972	10.625488	8.958387	-6.783547	1020.967280	48816.730038	150.700000	NaN	4.174148	NaN	NaN
3815616602.034223	10.554187	9.804606	-6.783547	1020.967280	48816.730038	150.400000	NaN	4.174084	NaN	NaN
3815616694.063261	10.606838	7.347243	-6.783547	1020.967280	48816.730038	150.800000	NaN	4.174187	NaN	NaN
3815616785.997550	10.499513	8.960435	-6.783547	1020.967280	48816.730038	150.400000	NaN	4.170878	NaN	NaN
3815616877.931840	10.871253	11.452774	-6.783547	1020.967280	48816.730038	150.500000	NaN	4.169543	NaN	NaN
3815616969.883090	10.043536	8.896500	-6.783547	1020.967280	48816.730038	150.500000	NaN	4.170895	NaN	NaN
3815617061.816389	10.722113	10.001420	-6.783547	1020.967280	48816.730038	150.600000	NaN	4.170376	NaN	NaN
3815617153.750668	10.380166	9.998221	-6.783547	1020.967280	48816.730038	150.500000	NaN	4.170962	NaN	NaN
3815617245.703908	10.531890	9.777714	-6.783547	1020.967280	48816.730038	150.500000	NaN	4.170527	NaN	NaN
3815617337.638208	10.944795	8.462129	-6.783547	1020.967280	48816.730038	150.900000	NaN	4.172988	NaN	NaN
3815617429.589442	10.661899	9.202953	-6.783547	1020.967280	48816.730038	150.400000	NaN	4.175238	NaN	NaN
3815617521.523732	10.277645	10.615704	-6.783547	1020.967280	48816.730038	150.400000	NaN	4.172346	NaN	NaN
3815617613.455043	10.725465	9.757860	-6.783547	1020.967280	48816.730038	150.600000	NaN	4.172605	NaN	NaN
3815617705.391315	10.617802	10.846444	-6.783547	1020.967280	48816.730038	150.800000	NaN	4.173118	NaN	NaN
3815617797.342560	10.570457	8.304684	-6.783547	1020.967280	48816.730038	150.700000	NaN	4.173762	NaN	NaN
3815617889.275853	10.650154	9.382784	-6.783547	1020.967280	48816.730038	150.500000	NaN	4.172544	NaN	NaN
3815617981.207150	10.310019	11.342848	-6.783547	1020.967280	48816.730038	150.600000	NaN	4.170492	NaN	NaN
3815618073.141443	10.933865	10.963463	-6.783547	1020.967280	48816.730038	150.600000	NaN	4.172484	NaN	NaN
3815618165.076727	10.159612	10.619832	-6.783547	1020.967280	48816.730038	150.600000	NaN	4.173417	NaN	NaN
3815618257.008026	10.384683	10.117039	-6.783547	1020.967280	48816.730038	150.600000	NaN	4.172562	NaN	NaN
3815618348.951292	10.653929	9.013954	-6.783547	1020.967280	48816.730038	150.400000	NaN	4.169973	NaN	NaN
3815618440.886579	10.671753	9.641988	-6.783547	1020.967280	48816.730038	150.600000	NaN	4.174817	NaN	NaN
3815618532.838821	10.857774	8.960463	-6.783547	1020.967280	48816.730038	150.600000	NaN	4.173262	NaN	NaN
3815618624.770131	10.079960	10.171620	-6.783547	1020.967280	48816.730038	150.500000	NaN	4.170207	NaN	NaN
3815618716.704410	10.709387	11.425130	-6.783547	1020.967280	48816.730038	150.300000	NaN	4.173410	NaN	NaN
3815618808.638699	10.351809	8.268949	-6.783547	1020.967280	48816.730038	150.300000	NaN	4.173968	NaN	NaN
3815618900.569997	10.325883	10.027282	-6.783547	1020.967280	48816.730038	150.300000	NaN	4.173652	NaN	NaN
3815618992.508277	10.610439	10.337822	-6.783547	1020.967280	48816.730038	150.500000	NaN	4.174013	NaN	NaN
3815619084.458524	10.425498	10.224645	-6.783547	1020.967280	48816.730038	150.600000	NaN	4.173676	NaN	NaN
3815619176.392814	10.932714	9.269430	-6.783547	1020.967280	48816.730038	150.600000	NaN	4.171822	NaN	NaN
3815619268.323116	10.452380	9.093777	-6.783547	1020.967280	48816.730038	150.400000	NaN	4.172045	NaN	NaN
3815619360.258408	10.420266	10.018247	-6.783547	1020.967280	48816.730038	150.500000	NaN	4.174187	NaN	NaN
3815619452.192692	10.834140	8.968003	-6.783547	1020.967280	48816.730038	150.300000	NaN	4.171892	NaN	NaN
3815619544.144934	10.636295	9.009792	-6.783547	1020.967280	48816.730038	150.500000	NaN	4.171410	NaN	NaN
3815619636.077229	10.648769	9.323523	-6.783547	1020.967280	48816.730038	150.500000	NaN	4.175130	NaN	NaN
3815619728.010530	10.346093	11.303032	-6.783547	1020.967280	48816.730038	150.500000	NaN	4.172873	NaN	NaN
3815619819.945808	10.354980	10.066576	-6.783547	1020.967280	48816.730038	150.600000	NaN	4.175355	NaN	NaN
3815619911.898064	9.902590	9.331937	-6.783547	1020.967280	48816.730038	150.400000	NaN	4.174168	NaN	NaN
3815620003.849298	10.433198	10.006884	-6.783547	1020.967280	48816.730038	150.500000	NaN	4.173057	NaN	NaN
3815620095.782599	10.288406	10.699919	-6.783547	1020.967280	48816.730038	150.500000	NaN	4.172878	NaN	NaN
3815620187.717877	10.440564	11.577550	-6.783547	1020.967280	48816.730038	150.400000	NaN	4.171861	NaN	NaN
3815620279.650173	10.256390	7.745903	-6.783547	1020.967280	48816.730038	150.500000	NaN	4.176288	NaN	NaN
3815620371.583478	10.446492	6.940061	-6.783547	1020.967280	48816.730038	150.700000	NaN	4.175238	NaN	NaN
3815620463.518753	10.664458	9.944572	-6.783547	1020.967280	48816.730038	150.200000	NaN	4.174266	NaN	NaN
3815620555.468002	10.092803	11.794744	-6.783547	1020.967280	48816.730038	150.600000	NaN	4.171153	NaN	NaN
3815620647.403289	10.572397	7.401799	-6.783547	1020.967280	48816.730038	150.600000	NaN	4.174841	NaN	NaN
3815620739.338576	10.878998	10.034004	-6.783547	1020.967280	48816.730038	150.600000	NaN	4.172454	NaN	NaN
3815620831.289822	10.578394	7.176304	-6.783547	1020.967280	48816.730038	150.300000	NaN	4.173480	NaN	NaN
3815620923.221130	10.274422	11.196850	-6.783547	1020.967280	48816.730038	150.500000	NaN	4.169021	NaN	NaN
3815621015.157404	10.959921	7.023757	-6.783547	1020.967280	48816.730038	150.400000	NaN	4.173607	NaN	NaN
3815621107.108650	10.362804	11.803451	-6.783547	1020.967280	48816.730038	150.300000	NaN	4.172665	NaN	NaN
3815621199.042940	10.697071	10.115629	-6.783547	1020.967280	48816.730038	150.400000	NaN	4.173616	NaN	NaN
3815621290.996179	10.577680	8.314151	-6.783547	1020.967280	48816.730038	150.500000	NaN	4.174175	NaN	NaN
3815621382.946426	10.093706	9.569080	-6.783547	1020.967280	48816.730038	150.400000	NaN	4.174320	NaN	NaN
3815621474.899677	10.613928	8.960089	-6.783547	1020.967280	48816.730038	150.600000	NaN	4.170100	NaN	NaN
3815621566.831961	10.444653	8.502717	-6.783547	1020.967280	48816.730038	150.300000	NaN	4.172971	NaN	NaN
3815621658.767260	10.044651	11.283500	-6.783547	1020.967280	48816.730038	150.700000	NaN	4.172364	NaN	NaN
3815621750.699543	10.077428	11.490653	-6.783547	1020.967280	48816.730038	150.600000	NaN	4.170230	NaN	NaN
3815621842.633834	10.543896	8.710554	-6.783547	1020.967280	48816.730038	150.700000	NaN	4.172773	NaN	NaN
3815621934.565132	10.247980	9.511444	-6.783547	1020.967280	48816.730038	150.500000	NaN	4.173136	NaN	NaN
3815622026.509395	10.563975	10.007648	-6.783547	1020.967280	48816.730038	150.400000	NaN	4.170791	NaN	NaN
3815622118.529456	10.358252	9.461017	-6.783547	1020.967280	48816.730038	150.600000	NaN	4.174902	NaN	NaN
3815622210.492669	10.629031	9.820335	-6.783547	1020.967280	48816.730038	150.500000	NaN	4.173495	NaN	NaN
3815622302.423967	10.306405	7.257222	-6.783547	1020.967280	48816.730038	150.400000	NaN	4.172024	NaN	NaN
3815622394.358260	10.433983	9.993809	-6.783547	1020.967280	48816.730038	150.300000	NaN	4.172087	NaN	NaN
3815622486.301522	10.649573	8.830777	-6.783547	1020.967280	48816.730038	150.500000	NaN	4.172900	NaN	NaN
3815622578.235812	10.243754	8.411321	-6.783547	1020.967280	48816.730038	150.500000	NaN	4.173383	NaN	NaN
3815622670.166114	10.901705	10.020983	-6.783547	1020.967280	48816.730038	150.500000	NaN	4.170542	NaN	NaN
3815622762.104393	10.524282	10.031050	-6.783547	1020.967280	48816.730038	150.600000	NaN	4.171858	NaN	NaN
3815622854.055637	10.230649	11.819207	-6.783547	1020.967280	48816.730038	150.400000	NaN	4.171604	NaN	NaN
3815622945.988930	10.864700	7.282628	-6.783547	1020.967280	48816.730038	150.500000	NaN	4.175297	NaN	NaN
3815623037.922223	10.252184	7.309707	-6.783547	1020.967280	48816.730038	150.300000	NaN	4.173351	NaN	NaN
3815623129.883442	10.494533	8.292492	-6.783547	1020.967280	48816.730038	150.400000	NaN	4.174199	NaN	NaN
3815623221.816734	10.715294	8.967110	-6.783547	1020.967280	48816.730038	150.500000	NaN	4.174713	NaN	NaN
3815623313.749029	10.268849	11.261237	-6.783547	1020.967280	48816.730038	151.000000	NaN	4.175139	NaN	NaN
3815623405.683319	10.648940	10.154685	-6.783547	1020.967280	48816.730038	150.300000	NaN	4.174642	NaN	NaN
3815623497.617612	9.946347	9.535740	-6.783547	1020.967280	48816.730038	150.400000	NaN	4.175422	NaN	NaN
3815623589.552897	10.587600	10.116732	-6.783547	1020.967280	48816.730038	150.500000	NaN	4.176773	NaN	NaN
3815623681.512121	10.638813	9.301445	-6.783547	1020.967280	48816.730038	150.400000	NaN	4.174592	NaN	NaN
3815623773.446410	10.865755	9.580675	-6.783547	1020.967280	48816.730038	150.500000	NaN	4.173917	NaN	NaN
3815623865.389677	10.467035	10.130171	-6.783547	1020.967280	48816.730038	150.200000	NaN	4.172443	NaN	NaN
3815623957.321971	10.470680	11.197013	-6.783547	1020.967280	48816.730038	150.400000	NaN	4.174287	NaN	NaN
3815624049.256274	10.545843	11.433296	-6.783547	1020.967280	48816.730038	150.500000	NaN	4.172703	NaN	NaN
3815624141.190551	10.423243	10.187948	-6.783547	1020.967280	48816.730038	150.600000	NaN	4.173771	NaN	NaN
3815624233.123844	10.447193	9.908422	-6.783547	1020.967280	48816.730038	150.500000	NaN	4.172943	NaN	NaN
3815624325.056139	10.941218	9.017854	-6.783547	1020.967280	48816.730038	150.400000	NaN	4.170993	NaN	NaN
3815624417.009378	9.980196	9.787726	-6.783547	1020.967280	48816.730038	150.600000	NaN	4.172178	NaN	NaN
3815624508.943668	10.063697	8.955770	-6.783547	1020.967280	48816.730038	150.500000	NaN	4.169244	NaN	NaN
3815624600.874968	10.527866	8.941267	-6.783547	1020.967280	48816.730038	150.400000	NaN	4.173848	NaN	NaN
3815624692.810256	10.602738	9.576517	-6.783547	1020.967280	48816.730038	150.600000	NaN	4.172557	NaN	NaN
3815624784.742550	10.578353	8.528125	-6.783547	1020.967280	48816.730038	150.500000	NaN	4.172396	NaN	NaN
3815624876.676841	9.945595	10.041264	-6.783547	1020.967280	48816.730038	150.500000	NaN	4.173020	NaN	NaN
3815624968.609135	10.636461	10.193881	-6.783547	1020.967280	48816.730038	150.600000	NaN	4.173024	NaN	NaN
3815625060.542428	10.907092	9.135267	-6.783547	1020.967280	48816.730038	150.400000	NaN	4.171176	NaN	NaN
3815625152.475722	10.432514	10.853685	-6.783547	1020.967280	48816.730038	150.400000	NaN	4.174108	NaN	NaN
3815625244.409013	10.939514	8.867051	-6.783547	1020.967280	48816.730038	150.400000	NaN	4.176435	NaN	NaN
3815625336.363250	10.886809	9.525593	-6.783547	1020.967280	48816.730038	150.500000	NaN	4.174923	NaN	NaN
3815625428.315492	10.626269	10.167138	-6.783547	1020.967280	48816.730038	150.400000	NaN	4.173347	NaN	NaN
3815625520.248785	9.955868	8.445879	-6.783547	1020.967280	48816.730038	150.400000	NaN	4.175684	NaN	NaN
3815625612.183075	10.470883	9.825052	-6.783547	1020.967280	48816.730038	150.700000	NaN	4.175395	NaN	NaN
3815625704.134331	10.445701	8.959747	-6.783547	1020.967280	48816.730038	150.400000	NaN	4.174147	NaN	NaN
3815625796.067614	10.698633	8.070115	-6.783547	1020.967280	48816.730038	150.300000	NaN	4.174805	NaN	NaN
3815625888.001902	10.898844	11.313678	-6.783547	1020.967280	48816.730038	150.400000	NaN	4.174074	NaN	NaN
3815625979.934198	10.086116	9.960090	-6.783547	1020.967280	48816.730038	150.600000	NaN	4.174216	NaN	NaN
3815626071.878470	10.560654	8.332384	-6.783547	1020.967280	48816.730038	150.600000	NaN	4.175622	NaN	NaN
3815626163.811754	10.641062	9.085208	-6.783547	1020.967280	48816.730038	150.300000	NaN	4.171987	NaN	NaN
3815626255.745046	10.533727	9.581456	-6.783547	1020.967280	48816.730038	150.200000	NaN	4.175978	NaN	NaN
3815626347.680334	10.671951	9.016006	-6.783547	1020.967280	48816.730038	150.500000	NaN	4.173087	NaN	NaN
3815626439.631578	10.688955	9.302862	-6.783547	1020.967280	48816.730038	150.300000	NaN	4.170835	NaN	NaN
3815626531.564872	10.085223	8.958570	-6.783547	1020.967280	48816.730038	150.600000	NaN	4.173883	NaN	NaN
3815626623.497166	10.641772	10.084479	-6.783547	1020.967280	48816.730038	150.500000	NaN	4.172236	NaN	NaN
3815626715.431458	10.964391	9.423828	-6.783547	1020.967280	48816.730038	150.300000	NaN	4.169782	NaN	NaN
3815626807.365746	10.684818	8.907519	-6.783547	1020.967280	48816.730038	150.500000	NaN	4.171009	NaN	NaN
3815626899.298042	10.422485	8.947258	-6.783547	1020.967280	48816.730038	150.400000	NaN	4.173040	NaN	NaN
3815626991.231335	10.777531	7.735371	-6.783547	1020.967280	48816.730038	150.500000	NaN	4.172068	NaN	NaN
3815627083.163631	10.341170	8.355532	-6.783547	1020.967280	48816.730038	150.400000	NaN	4.172172	NaN	NaN
3815627175.116871	10.623176	11.562078	-6.783547	1020.967280	48816.730038	150.400000	NaN	4.171819	NaN	NaN
3815627267.050163	10.747988	8.930377	-6.783547	1020.967280	48816.730038	150.400000	NaN	4.171815	NaN	NaN
3815627358.983466	10.746304	9.561134	-6.783547	1020.967280	48816.730038	150.500000	NaN	4.171703	NaN	NaN
3815627450.937692	10.240260	8.814910	-6.783547	1020.967280	48816.730038	150.300000	NaN	4.170115	NaN	NaN
3815627542.867992	10.097550	8.964928	-6.783547	1020.967280	48816.730038	150.400000	NaN	4.171976	NaN	NaN
3815627634.803281	10.930889	11.628653	-6.783547	1020.967280	48816.730038	150.500000	NaN	4.173745	NaN	NaN
3815627726.757523	10.441143	11.699268	-6.783547	1020.967280	48816.730038	150.300000	NaN	4.171507	NaN	NaN
3815627818.709759	10.943339	8.695703	-6.783547	1020.967280	48816.730038	150.500000	NaN	4.172026	NaN	NaN
3815627910.643051	10.640678	10.039856	-6.783547	1020.967280	48816.730038	150.500000	NaN	4.174119	NaN	NaN
3815628002.578344	10.919921	8.970573	-6.783547	1020.967280	48816.730038	150.500000	NaN	4.170780	NaN	NaN
3815628094.529584	10.653981	8.337303	-6.783547	1020.967280	48816.730038	150.500000	NaN	4.171620	NaN	NaN
3815628186.481826	10.940629	9.544127	-6.783547	1020.967280	48816.730038	150.200000	NaN	4.171539	NaN	NaN
3815628278.415118	10.975742	8.994542	-6.783547	1020.967280	48816.730038	150.200000	NaN	4.167430	NaN	NaN
3815628370.347414	10.593718	8.347821	-6.783547	1020.967280	48816.730038	150.400000	NaN	4.170966	NaN	NaN
3815628462.281704	10.592421	9.035801	-6.783547	1020.967280	48816.730038	150.600000	NaN	4.168590	NaN	NaN
3815628554.214013	10.679859	11.831221	-6.783547	1020.967280	48816.730038	150.500000	NaN	4.170398	NaN	NaN
3815628646.148300	10.930840	7.297320	-6.783547	1020.967280	48816.730038	150.500000	NaN	4.173723	NaN	NaN
3815628738.081589	10.856074	7.777220	-6.783547	1020.967280	48816.730038	150.100000	NaN	4.174426	NaN	NaN
3815628830.033823	10.452990	8.383175	-6.783547	1020.967280	48816.730038	150.400000	NaN	4.174842	NaN	NaN
3815628921.965122	10.089186	9.824598	-6.783547	1020.967280	48816.730038	150.500000	NaN	4.171697	NaN	NaN
3815629013.900410	10.223198	10.057496	-6.783547	1020.967280	48816.730038	150.500000	NaN	4.172576	NaN	NaN
3815629105.834711	10.584828	9.025127	-6.783547	1020.967280	48816.730038	150.400000	NaN	4.170457	NaN	NaN
3815629197.766998	10.134479	9.968515	-6.783547	1020.967280	48816.730038	150.400000	NaN	4.169732	NaN	NaN
3815629289.701285	10.962774	10.227688	-6.783547	1020.967280	48816.730038	150.600000	NaN	4.169357	NaN	NaN
3815629381.637569	10.286442	9.317486	-6.783547	1020.967280	48816.730038	150.600000	NaN	4.166228	NaN	NaN
3815629473.586820	10.654983	11.284090	-6.783547	1020.967280	48816.730038	150.500000	NaN	4.169016	NaN	NaN
3815629565.543052	10.832052	9.091970	-6.783547	1020.967280	48816.730038	150.400000	NaN	4.168627	NaN	NaN
3815629657.492301	10.265974	8.348256	-6.783547	1020.967280	48816.730038	150.400000	NaN	4.174569	NaN	NaN
3815629749.426591	10.459550	9.490255	-6.783547	1020.967280	48816.730038	150.700000	NaN	4.173952	NaN	NaN
3815629841.359886	10.397692	11.615707	-6.783547	1020.967280	48816.730038	150.600000	NaN	4.171490	NaN	NaN
3815629933.293177	10.668484	9.973281	-6.783547	1020.967280	48816.730038	150.700000	NaN	4.173597	NaN	NaN
3815630025.227466	10.967778	9.803756	-6.783547	1020.967280	48816.730038	150.200000	NaN	4.172065	NaN	NaN
3815630117.159761	10.634161	11.316303	-6.783547	1020.967280	48816.730038	150.400000	NaN	4.170509	NaN	NaN
3815630209.095049	10.074211	8.836989	-6.783547	1020.967280	48816.730038	150.500000	NaN	4.171186	NaN	NaN
3815630301.046293	10.603249	10.283569	-6.783547	1020.967280	48816.730038	150.600000	NaN	4.171886	NaN	NaN
3815630392.997629	10.458343	7.802059	-6.783547	1020.967280	48816.730038	150.500000	NaN	4.174902	NaN	NaN
3815630484.932838	10.919247	7.494418	-6.783547	1020.967280	48816.730038	150.500000	NaN	4.173804	NaN	NaN
3815630576.885077	10.082804	7.971137	-6.783547	1020.967280	48816.730038	150.500000	NaN	4.174910	NaN	NaN
3815630668.817363	10.652864	10.297236	-6.783547	1020.967280	48816.730038	150.300000	NaN	4.174469	NaN	NaN
3815630760.751653	10.723272	10.047379	-6.783547	1020.967280	48816.730038	150.500000	NaN	4.175466	NaN	NaN
3815630852.684945	10.581502	7.795229	-6.783547	1020.967280	48816.730038	150.500000	NaN	4.176005	NaN	NaN
3815630944.616243	10.603893	9.382579	-6.783547	1020.967280	48816.730038	150.300000	NaN	4.174436	NaN	NaN
3815631036.552531	10.019820	8.351370	-6.783547	1020.967280	48816.730038	150.400000	NaN	4.173212	NaN	NaN
3815631128.506765	10.373004	8.925527	-6.783547	1020.967280	48816.730038	150.300000	NaN	4.170234	NaN	NaN
3815631220.455018	10.255964	10.036941	-6.783547	1020.967280	48816.730038	150.700000	NaN	4.172866	NaN	NaN
3815631312.390306	10.269242	10.346545	-6.783547	1020.967280	48816.730038	150.600000	NaN	4.172354	NaN	NaN
3815631404.325593	10.743237	9.263467	-6.783547	1020.967280	48816.730038	150.500000	NaN	4.172698	NaN	NaN
3815631496.287811	10.447475	9.288475	-6.783547	1020.967280	48816.730038	150.600000	NaN	4.170641	NaN	NaN
3815631588.238063	10.426548	11.640146	-6.783547	1020.967280	48816.730038	150.300000	NaN	4.169531	NaN	NaN
3815631680.172348	10.478371	8.956470	-6.783547	1020.967280	48816.730038	150.500000	NaN	4.170095	NaN	NaN
3815631772.106636	10.418961	9.201548	-6.783547	1020.967280	48816.730038	150.200000	NaN	4.171236	NaN	NaN
3815631864.038931	10.735992	9.975909	-6.783547	1020.967280	48816.730038	150.500000	NaN	4.168020	NaN	NaN
3815631955.972237	10.433268	10.116684	-6.783547	1020.967280	48816.730038	150.800000	NaN	4.172761	NaN	NaN
3815632047.906516	10.469750	7.642193	-6.783547	1020.967280	48816.730038	150.300000	NaN	4.175699	NaN	NaN
3815632139.857759	9.964137	9.106502	-6.783547	1020.967280	48816.730038	150.600000	NaN	4.171800	NaN	NaN
3815632231.791057	10.542071	10.349028	-6.783547	1020.967280	48816.730038	150.400000	NaN	4.170773	NaN	NaN
3815632323.724344	10.654209	7.766294	-6.783547	1020.967280	48816.730038	150.400000	NaN	4.174969	NaN	NaN
3815632415.657638	10.266254	11.584183	-6.783547	1020.967280	48816.730038	150.600000	NaN	4.172859	NaN	NaN
3815632507.590930	10.323864	10.230337	-6.783547	1020.967280	48816.730038	150.400000	NaN	4.172957	NaN	NaN
3815632599.545720	10.083858	9.611163	-6.783547	1020.967280	48816.730038	150.300000	NaN	4.172699	NaN	NaN
3815632711.775613	10.574882	8.356528	-6.783547	1020.967280	48816.730038	150.500000	NaN	4.174733	NaN	NaN
3815632806.367544	10.699266	9.622197	-6.783547	1020.967280	48816.730038	150.300000	NaN	4.176438	NaN	NaN
3815632898.301890	10.856154	8.972781	-6.783547	1020.967280	48816.730038	150.600000	NaN	4.174395	NaN	NaN
3815632996.130064	10.423073	11.444987	-6.783547	1020.967280	48816.730038	150.400000	NaN	4.172666	NaN	NaN
3815633092.797593	10.514123	7.941235	-6.783547	1020.967280	48816.730038	150.200000	NaN	4.178839	NaN	NaN
3815633184.731872	10.619832	7.757256	-6.783547	1020.967280	48816.730038	150.200000	NaN	4.177700	NaN	NaN
3815633276.683596	10.029099	8.969505	-6.783547	1020.967280	48816.730038	150.400000	NaN	4.172539	NaN	NaN
3815633368.616888	10.461731	9.839627	-6.783547	1020.967280	48816.730038	150.300000	NaN	4.172447	NaN	NaN
3815633460.549226	10.626879	8.893727	-6.783547	1020.967280	48816.730038	150.300000	NaN	4.174024	NaN	NaN
3815633552.484514	10.459378	7.346188	-6.783547	1020.967280	48816.730038	150.500000	NaN	4.174271	NaN	NaN
3815633650.197829	9.964967	11.149816	-6.783547	1020.967280	48816.730038	150.500000	NaN	4.174745	NaN	NaN
3815633742.176860	10.147756	10.129676	-6.783547	1020.967280	48816.730038	150.500000	NaN	4.172167	NaN	NaN
3815633834.120528	10.636398	7.931296	-6.783547	1020.967280	48816.730038	150.300000	NaN	4.176203	NaN	NaN
3815633926.053003	10.630832	8.831225	-6.783547	1020.967280	48816.730038	150.300000	NaN	4.174980	NaN	NaN
3815634017.985044	10.422897	8.999934	-6.783547	1020.967280	48816.730038	150.200000	NaN	4.175946	NaN	NaN
3815634109.922838	10.964011	10.197550	-6.783547	1020.967280	48816.730038	150.300000	NaN	4.173432	NaN	NaN
3815634201.874382	10.647435	10.759266	-6.783547	1020.967280	48816.730038	150.300000	NaN	4.174423	NaN	NaN
3815634293.807078	10.426312	11.567018	-6.783547	1020.967280	48816.730038	150.400000	NaN	4.173787	NaN	NaN
3815634385.759642	10.433449	10.093549	-6.783547	1020.967280	48816.730038	150.400000	NaN	4.174947	NaN	NaN
3815634477.693931	10.853354	8.378321	-6.783547	1020.967280	48816.730038	150.300000	NaN	4.175507	NaN	NaN
3815634569.657300	10.578682	9.854931	-6.783547	1020.967280	48816.730038	150.100000	NaN	4.176199	NaN	NaN
3815634661.616178	10.082302	10.047849	-6.783547	1020.967280	48816.730038	150.400000	NaN	4.172271	NaN	NaN
3815634753.554506	10.688365	7.208840	-6.783547	1020.967280	48816.730038	150.500000	NaN	4.175711	NaN	NaN
3815634845.504754	10.940829	8.719655	-6.783547	1020.967280	48816.730038	150.500000	NaN	4.171778	NaN	NaN
3815634937.455308	10.531987	9.208719	-6.783547	1020.967280	48816.730038	150.500000	NaN	4.172125	NaN	NaN
3815635029.390393	10.340838	6.929309	-6.783547	1020.967280	48816.730038	150.500000	NaN	4.176361	NaN	NaN
3815635121.342637	10.157112	9.194858	-6.783547	1020.967280	48816.730038	150.400000	NaN	4.172677	NaN	NaN
3815635213.303854	9.989837	7.892463	-6.783547	1020.967280	48816.730038	150.400000	NaN	4.174726	NaN	NaN
3815635305.241781	10.668271	8.342861	-6.783547	1020.967280	48816.730038	150.300000	NaN	4.173487	NaN	NaN
3815635397.190441	10.664395	11.491883	-6.783547	1020.967280	48816.730038	150.500000	NaN	4.173755	NaN	NaN
3815635489.123735	10.958147	9.010607	-6.783547	1020.967280	48816.730038	150.200000	NaN	4.172445	NaN	NaN
3815635581.076591	10.589797	9.854489	-6.783547	1020.967280	48816.730038	150.200000	NaN	4.176221	NaN	NaN
3815635673.009885	10.528371	9.005629	-6.783547	1020.967280	48816.730038	150.400000	NaN	4.174545	NaN	NaN
3815635764.986460	10.487073	8.077472	-6.783547	1020.967280	48816.730038	150.700000	NaN	4.174842	NaN	NaN
3815635856.942019	10.354950	7.623703	-6.783547	1020.967280	48816.730038	150.800000	NaN	4.174431	NaN	NaN
3815635948.878086	10.453086	11.742017	-6.783547	1020.967280	48816.730038	150.500000	NaN	4.173297	NaN	NaN
3815636040.829395	10.652750	8.333525	-6.783547	1020.967280	48816.730038	150.300000	NaN	4.175436	NaN	NaN
3815636132.763802	10.618163	8.342625	-6.783547	1020.967280	48816.730038	150.500000	NaN	4.175584	NaN	NaN
3815636224.695981	10.016489	11.538787	-6.783547	1020.967280	48816.730038	150.500000	NaN	4.175150	NaN	NaN
3815636316.647148	10.391637	11.163192	-6.783547	1020.967280	48816.730038	150.400000	NaN	4.173055	NaN	NaN
3815636414.536263	10.162818	10.471929	-6.783547	1020.967280	48816.730038	150.400000	NaN	4.175770	NaN	NaN
3815636526.564811	10.612333	9.005440	-6.783547	1020.967280	48816.730038	150.200000	NaN	4.170088	NaN	NaN
3815636618.497738	10.887539	9.471440	-6.783547	1020.967280	48816.730038	150.400000	NaN	4.174244	NaN	NaN
3815636711.880105	10.616397	8.362042	-6.783547	1020.967280	48816.730038	150.500000	NaN	4.176102	NaN	NaN
3815636803.815404	10.628147	9.962315	-6.783547	1020.967280	48816.730038	150.400000	NaN	4.176406	NaN	NaN
3815636895.746974	10.431478	7.344890	-6.783547	1020.967280	48816.730038	150.400000	NaN	4.176722	NaN	NaN
3815636992.914883	10.428131	11.224114	-6.783547	1020.967280	48816.730038	150.100000	NaN	4.173782	NaN	NaN
3815637084.847179	10.410506	10.007620	-6.783547	1020.967280	48816.730038	150.000000	NaN	4.172789	NaN	NaN
3815637176.780470	10.612725	9.417386	-6.783547	1020.967280	48816.730038	150.400000	NaN	4.173235	NaN	NaN
3815637268.716756	10.537638	8.931525	-6.783547	1020.967280	48816.730038	150.500000	NaN	4.173434	NaN	NaN
3815637360.665011	10.676826	9.554726	-6.783547	1020.967280	48816.730038	150.600000	NaN	4.177230	NaN	NaN
3815637452.600296	10.422942	10.118713	-6.783547	1020.967280	48816.730038	150.700000	NaN	4.174599	NaN	NaN
3815637544.534592	10.889370	7.699010	-6.783547	1020.967280	48816.730038	150.500000	NaN	4.176614	NaN	NaN
3815637636.496801	10.897650	9.504046	-6.783547	1020.967280	48816.730038	150.500000	NaN	4.175889	NaN	NaN
3815637728.430902	10.077962	8.956518	-6.783547	1020.967280	48816.730038	150.500000	NaN	4.172082	NaN	NaN
3815637820.380153	10.258698	10.135974	-6.783547	1020.967280	48816.730038	150.600000	NaN	4.173772	NaN	NaN
3815637912.317231	10.694354	10.664302	-6.783547	1020.967280	48816.730038	150.600000	NaN	4.173799	NaN	NaN
3815638004.268475	10.565308	10.024733	-6.783547	1020.967280	48816.730038	150.500000	NaN	4.175440	NaN	NaN
3815638098.727199	10.011621	7.729517	-6.783547	1020.967280	48816.730038	150.400000	NaN	4.175902	NaN	NaN
3815638190.660493	10.242840	7.015413	-6.783547	1020.967280	48816.730038	150.300000	NaN	4.176879	NaN	NaN
3815638282.602761	10.082016	10.871848	-6.783547	1020.967280	48816.730038	150.200000	NaN	4.172477	NaN	NaN
3815638374.537056	10.554274	8.902937	-6.783547	1020.967280	48816.730038	150.200000	NaN	4.176047	NaN	NaN
3815638466.488296	10.745141	11.225926	-6.783547	1020.967280	48816.730038	150.400000	NaN	4.173485	NaN	NaN
3815638558.421589	10.624505	7.319639	-6.783547	1020.967280	48816.730038	150.500000	NaN	4.175945	NaN	NaN
3815638650.355878	10.170865	9.536195	-6.783547	1020.967280	48816.730038	150.600000	NaN	4.173810	NaN	NaN
3815638744.871237	10.973329	8.927556	-6.783547	1020.967280	48816.730038	150.700000	NaN	4.171834	NaN	NaN
3815638867.492595	10.110797	10.103048	-6.783547	1020.967280	48816.730038	150.400000	NaN	4.174360	NaN	NaN
3815638959.445837	10.553424	10.601470	-6.783547	1020.967280	48816.730038	150.500000	NaN	4.171913	NaN	NaN
3815639051.408048	10.639849	9.908348	-6.783547	1020.967280	48816.730038	150.600000	NaN	4.175824	NaN	NaN
3815639143.359293	10.679358	8.935489	-6.783547	1020.967280	48816.730038	150.700000	NaN	4.172492	NaN	NaN
3815639235.310538	10.659685	8.983088	-6.783547	1020.967280	48816.730038	150.400000	NaN	4.171959	NaN	NaN
3815639327.245826	9.962404	11.123655	-6.783547	1020.967280	48816.730038	150.400000	NaN	4.175097	NaN	NaN
3815639419.178121	10.439497	7.715109	-6.783547	1020.967280	48816.730038	150.500000	NaN	4.177501	NaN	NaN
3815639511.112411	10.511467	7.760525	-6.783547	1020.967280	48816.730038	150.600000	NaN	4.177441	NaN	NaN
3815639603.055411	10.697222	6.960940	-6.783547	1020.967280	48816.730038	150.400000	NaN	4.177447	NaN	NaN
3815639694.989699	10.427176	8.974826	-6.783547	1020.967280	48816.730038	150.600000	NaN	4.174690	NaN	NaN
3815639786.939661	10.968826	8.479683	-6.783547	1020.967280	48816.730038	150.600000	NaN	4.177173	NaN	NaN
3815639878.874721	10.660620	10.822082	-6.783547	1020.967280	48816.730038	150.400000	NaN	4.171962	NaN	NaN
3815639977.239647	10.558943	9.251026	-6.783547	1020.967280	48816.730038	150.600000	NaN	4.175923	NaN	NaN
3815640069.172927	10.432283	11.552125	-6.783547	1020.967280	48816.730038	150.600000	NaN	4.174451	NaN	NaN
3815640163.276436	10.632613	10.838516	-6.783547	1020.967280	48816.730038	150.500000	NaN	4.171933	NaN	NaN
3815640255.209183	10.169946	8.951546	-6.783547	1020.967280	48816.730038	150.400000	NaN	4.174901	NaN	NaN
3815640347.143469	10.529217	9.974271	-6.783547	1020.967280	48816.730038	150.500000	NaN	4.175074	NaN	NaN
3815640439.078766	10.424805	9.763820	-6.783547	1020.967280	48816.730038	150.600000	NaN	4.175712	NaN	NaN
3815640531.037979	10.656614	11.484597	-6.783547	1020.967280	48816.730038	150.300000	NaN	4.174302	NaN	NaN
3815640622.973079	10.657632	10.035648	-6.783547	1020.967280	48816.730038	150.200000	NaN	4.174550	NaN	NaN
3815640714.906437	10.425765	8.668619	-6.783547	1020.967280	48816.730038	150.500000	NaN	4.177050	NaN	NaN
3815640806.840727	10.100396	7.762155	-6.783547	1020.967280	48816.730038	150.700000	NaN	4.177574	NaN	NaN
3815640902.046429	10.555640	9.001457	-6.783547	1020.967280	48816.730038	150.500000	NaN	4.175286	NaN	NaN
3815640993.979034	10.354016	8.376199	-6.783547	1020.967280	48816.730038	150.300000	NaN	4.176457	NaN	NaN
3815641085.913318	10.648343	9.029485	-6.783547	1020.967280	48816.730038	150.600000	NaN	4.173590	NaN	NaN
3815641177.846352	10.662315	10.521587	-6.783547	1020.967280	48816.730038	150.400000	NaN	4.175638	NaN	NaN
3815641269.780804	10.405941	10.012084	-6.783547	1020.967280	48816.730038	150.200000	NaN	4.173466	NaN	NaN
3815641361.712918	10.522443	8.975680	-6.783547	1020.967280	48816.730038	150.500000	NaN	4.174457	NaN	NaN
3815641453.648205	10.754718	10.477621	-6.783547	1020.967280	48816.730038	150.400000	NaN	4.171841	NaN	NaN
3815641545.581498	10.393941	7.920252	-6.783547	1020.967280	48816.730038	150.400000	NaN	4.175801	NaN	NaN
